1629	 1.34
1683	 1.69
1698	 1.74
1796	 1.195
1797	 1.202
2016	 1.411
2066	 1.462
2084	 1.479
2109	 1.500
2182	 1.561
2203	 1.566
2207	 1.571
2282	 1.633
2360	 1.717
2364	 1.726
2396	 1.758
2463	 1.790
2541	 1.859
2567	 1.883
2583	 1.892
2936	 1.1084
2942	 1.1091
2992	 1.1149
3120	 1.1237
3236	 1.1358
3275	 1.1382
3364	 2.30
3366	 1.26
3367	 1.27
3375	 1.34, 2.40
3432	 1.70, 2.97
3433	 1.66
3434	 1.68
3442	 2.103
3460	 2.117
3461	 2.118
3564	 1.149, 2.182
3570	 1.159, 2.187
3609	 1.195, 2.206
3647	 1.246, 2.243
3674	 1.280, 2.272
3742	 1.346
3773	 2.350
3876	 2.438
3886	 2.444
3921	 2.470
3952	 1.486
3965	 1.504, 2.524
3966	 1.505, 2.525
3988	 2.541
3999	 1.519, 2.542
4002	 2.550
4020	 2.563
4061	 1.566, 2.613
4067	 1.571, 2.617
4079	 2.625
4087	 2.629
4094	 2.648
4145	 1.633, 2.692
4257	 1.726, 2.774
4281	 1.758, 2.806
4359	 2.867
4430	 1.818
4480	 1.849
4493	 2.949
4497	 1.859, 2.951
4516	 2.979
4535	 1.893
4546	 2.1000
4561	 1.911
4590	 1.928
4601	 2.1058
4671	 1.962
4676	 2.1122
4710	 2.1135
4755	 2.1155
4819	 1.994, 2.1184
4894	 1.1006, 2.1222
4938	 2.1254
5031	 1.1075
5064	 1.1084, 2.1343
5085	 2.1358
5122	 1.1123, 2.1384
5165	 2.1421
5171	 1.1172
5195	 2.1440
5253	 2.1483
5457	 2.1646
5490	 2.1669
5500	 2.1671
5507	 1.1385, 2.1689
5546	 1.1407
5617	 1.27, 3.34
5657	 2.76, 3.74
5681	 2.90, 3.97
5695	 1.74, 2.109
5707	 2.113
5814	 1.149, 2.182, 3.229
5825	 2.203
5863	 3.307
5866	 1.246, 2.243, 3.312
5894	 1.286, 2.274
5907	 1.303, 2.285
5908	 3.356
5911	 1.308
5977	 2.363
6073	 3.553
6084	 3.561
6095	 1.448
6104	 2.461
6105	 1.452, 2.463, 3.580
6164	 1.483, 2.497, 3.611
6169	 3.616
6192	 3.640
6207	 1.519, 2.542, 3.664
6217	 2.550, 3.667
6235	 3.682
6236	 1.542, 2.560, 3.679
6237	 1.543
6254	 1.553, 2.586
6274	 1.569
6308	 2.648, 3.759
6309	 3.761
6310	 3.763
6349	 3.801
6352	 2.689
6356	 1.633, 2.692, 3.810
6359	 3.811
6407	 2.731
6410	 2.734, 3.842
6423	 2.743
6426	 3.860
6457	 3.911
6472	 1.726, 2.774, 3.922
6492	 1.736
6508	 2.815, 3.975
6552	 1.759
6553	 2.819, 3.951
6555	 1.761
6558	 3.953
6608	 3.982
6610	 2.833
6621	 2.837
6674	 3.1008
6682	 3.1013
6701	 2.872
6719	 2.912
6743	 3.1103
6768	 1.859, 2.951, 3.1162
6774	 2.956
6788	 1.872
6817	 2.981
6819	 2.979, 3.1181
6823	 3.1192
6870	 3.1244
6871	 1.928, 3.1255
6907	 2.1058, 3.1266
6948	 2.1103
6996	 1.961
7001	 3.1333
7003	 1.962, 3.1336
7006	 2.1122, 3.1341
7054	 3.1373
7055	 2.1135, 3.1376
7102	 3.1413
7117	 2.1155, 3.1421
7142	 3.1458
7152	 3.1478
7236	 2.1230
7290	 2.1254, 3.1604
7356	 3.1633
7374	 2.1292, 3.1654
7379	 3.1659
7402	 1.1075, 3.1697
7409	 3.1701
7434	 3.1721
7454	 1.1084, 2.1343, 3.1730
7512	 2.1376
7692	 3.1915
7716	 3.1935
7723	 2.1510
7742	 2.1352
7769	 1.1247, 2.1546
7861	 3.2036
7880	 3.2046
7918	 2.1615
7927	 3.2091
7951	 1.1339
7962	 3.2115
8009	 2.1672
8029	 1.1385, 2.1689, 3.2172
8047	 3.2187
8058	 3.2200
8064	 3.2210
8091	 2.1735
8129	 1.27, 3.34, 4.37
8143	 1.34, 2.40, 3.42
8172	 3.73, 4.74
8175	 4.75
8206	 2.90, 3.97, 4.101
8210	 1.70, 2.97, 3.99
8212	 1.68, 3.101, 4.104
8226	 1.74, 2.109
8236	 3.120
8240	 3.113, 3.127
8337	 4.224
8349	 1.149, 2.182, 3.229, 4.323
8378	 3.270
8382	 1.195, 2.206, 3.274, 4.251
8385	 1.200, 3.275; s.a. 1.198, 199
8397	 2.209, 4.262
8436	 3.307, 4.282
8442	 1.246, 2.243, 3.312, 4.285
8454	 3.322
8475	 4.306
8477	 3.343
8482	 1.290
8504	 1.310, 2.289, 3.361
8508	 1.312
8524	 3.376
8527	 1.332
8553	 4.375
8558	 3.417
8573	 2.363, 4.396
8574	 4.400
8632	 3.513
8640	 2.427
8642	 4.466
8665	 4.491
8722	 1.483, 2.497, 3.611, 4.583
8739	 3.632
8748	 2.528
8762	 3.640, 4.611
8763	 4.612
8769	 4.616
8771	 1.511
8797	 3.673
8802	 3.677
8806	 4.665
8822	 2.596, 3.705
8830	 4.685
8832	 1.566, 2.613, 3.726
8834	 4.689
8850	 4.700
8855	 3.747
8875	 2.648, 3.759, 4.727
8904	 4.754
8914	 4.1121
8984	 3.811, 4.778
9029	 2.708
9053	 4.806
9061	 2.731, 4.811
9069	 2.734, 3.842, 4.814
9070	 4.826
9096	 1.689, 2.754, 3.859
9144	 4.853
9155	 3.911, 4.861
9159	 3.913
9178	 3.923
9181	 4.877
9183	 1.750, 3.916, 4.888
9210	 4.924
9248	 1.759, 4.956
9251	 4.958
9304	 4.1000
9306	 3.984
9310	 3.982, 4.1011
9321	 4.1032
9326	 3.996, 4.1039
9327	 4.1040
9336	 4.1050
9354	 2.857, 4.1074
9356	 4.1076
9357	 3.1008
9361	 4.1080
9395	 1.790, 2.873
9418	 3.1054
9434	 3.1084
9436	 3.1066
9477	 3.1087
9495	 3.1103, 4.1146
9505	 4.1159
9552	 1.859, 2.951, 3.1162, 4.1171
9570	 4.1191
9601	 4.1228
9619	 2.1000, 3.1211
9624	 2.1002
9631	 4.1258
9637	 4.1260
9649	 2.561
9672	 2.1040
9673	 1.927
9691	 4.1305
9692	 2.1058, 3.1266, 4.1308
9696	 2.1067
9698	 3.1269
9709	 3.1274
9716	 2.1093, 3.1281
9726	 4.1326
9729	 4.1342
9737	 1.955
9749	 4.1369
9753	 4.1371
9769	 3.1333, 4.1402
9772	 1.962, 3.1336, 4.1404
9773	 2.1114, 4.1405
9798	 2.1135, 3.1376, 4.1454
9813	 4.1483
9835	 3.1405
9845	 4.1502
9855	 4.1512
9900	 3.1470
9902	 3.1474
9935	 4.1568
9965	 4.1596
9994	 3.1526
10004	 1.1007, 3.1561
10009	 4.1627
10024	 3.1585
10026	 4.1662
10030	 4.1666
10031	 3.1603
10049	 4.1675
10050	 2.1254, 3.1604
10095	 4.1752
10117	 3.1659, 4.1765
10145	 1.1075, 3.1697, 4.1788
10148	 3.1696
10150	 3.1698
10153	 3.1701, 4.1795
10160	 4.1804
10167	 3.1721, 4.1820
10185	 4.1832
10210	 3.1737, 4.1844
10216	 1.1091, 2.1349, 3.1740, 4.1849
10219	 3.1747
10232	 4.1865
10233	 2.1358, 3.1751
10253	 4.1912
10266	 3.1790
10285	 1.1143
10299	 3.1818
10309	 2.1412
10325	 1.1173
10339	 4.1980
10340	 2.1440, 3.1861
10388	 3.1915, 4.2077
10393	 2.1483, 3.1919, 4.2087
10395	 4.2092
10400	 4.2099
10401	 3.1935, 4.2101
10409	 2.1506
10410	 4.2109
10416	 3.1951, 4.2124
10424	 3.1962
10449	 4.2195
10465	 4.2183
10489	 1.1273
10498	 2.1582
10582	 2.1633
10583	 2.1638, 4.2329
10587	 2.1636, 4.2330
10593	 4.2337
10627	 4.2362
10646	 3.2137
10656	 4.2381
10658	 3.2142
10669	 3.2154, 4.2391
10682	 4.2397
10686	 2.1678
10687	 4.2407
10720	 3.2191
10721	 3.2193
10726	 4.2441
10739	 4.2450
10779	 2.7, 4.12
10807	 2.33
10808	 5.31
10879	 4.75, 5.73
10897	 5.89
10914	 2.90, 3.97, 4.101, 5.104
10916	 4.112
10919	 1.65, 2.96, 3.103, 5.113
10922	 5.114
10925	 2.98
10937	 4.123
11043	 4.225
11044	 4.224, 5.235
11049	 1.149, 2.182, 3.229, 4.233, 5.246
11054	 4.234
11055	 5.248
11056	 1.159, 2.187, 3.235
11081	 1.195, 2.206, 3.274, 4.251, 5.279
11154	 3.322, 5.349
11160	 1.246, 2.243, 3.312, 4.285, 5.337
11166	 4.299
11175	 4.304
11176	 4.306, 5.370
11177	 3.343, 5.372
11181	 1.290, 5.377
11197	 1.309, 3.359
11205	 1.310, 2.289, 3.361, 5.399
11213	 1.312.5.403
11215	 4.343
11222	 3.376, 5.419
11237	 4.366
11256	 3.413
11258	 2.346, 5.452
11349	 5.506
11359	 2.410
11416	 3.542
11420	 2.441 
11422	 2.444, 3.551
11463	 2.461, 3.523
11468	 4.525
11472	 4.530
11476	 3.584
11499	 2.479
11532	 1.486, 3.617
11544	 3.632, 5.635
11547	 4.603
11549	 5.638
11567	 3.639, 4.610
11568	 4.612, 5.658
11570	 5.662
11595	 2.550, 3.667, 4.636
11598	 2.547
11604	 5.677
11606	 5.683
11611	 1.533
11617	 5.691
11627	 3.673, 5.692
11629	 3.677, 5.697
11637	 4.657
11640	 4.662
11671	 2.610, 3.725
11672	 4.685, 5.725
11678	 1.569, 4.693
11680	 1.571, 2.617, 3.732
11682	 3.735
11686	 5.742
11688	 2.625, 3.744
11693	 3.747
11708	 3.761, 4.728
11712	 3.765
11725	 5.787
11730	 4.745
11737	 4.754, 5.798
11748	 5.817
11768	 5.850
11779	 3.801, 4.768
11781	 1.632, 2.685, 3.803, 4.770
11783	 2.689, 4.771
11791	 5.863
11811	 5.905
11836	 5.921
11840	 4.788
11844	 5.923
11865	 4.805
11892	 5.990
11893	 1.683, 2.745, 3.858
11923	 5.1033
11935	 5.1048
11950	 3.913, 5.1053
11955	 1.736
11958	 4.877, 5.1075
11966	 1.750, 3.916, 4.888, 5.1077
11981	 5.1090
11987	 3.940, 5.1095
11994	 5.1097
11998	 4.924, 5.1104
12004	 1.758, 2.806, 3.946
12005	 5.1112
12006	 3.948
12016	 5.1118
12035	 4.935
12059	 1.759, 4.956, 5.1142
12061	 2.819, 3.951, 4.957
12063	 4.958, 5.1145
12064	 5.1146
12065	 1.761,4.959
12066	 3.953, 4.962
12100	 5.1205
12101	 5.1207
12103	 4.1017
12112	 4.1032, 5.1215
12132	 5.1224
12150	 4.1061
12176	 2.857, 4.1074
12190	 4.1080 , 5.1255
12203	 5.1267
12212	 5.1270
12222	 5.1285
12257	 2.886
12258	 4.1108
12275	 5.1313
12330	 5.1365
12334	 3.1087, 5.1371
12336	 2.912, 4.1122
12344	 4.1 128
12395	 4.1159, 5.1399
12416	 5.141 1
12419	 5.1417
12449	 4.1191, 5.1463
12485	 5.1484
12488	 5.1487
12492	 5.1493
12499	 5.1496
12501	 5.1500
12504	 1.892, 2.991, 3.1199, 4.1232
12543	 1.910, 3.1227, 4.1255
12545	 1.911, 3.1226, 5.1527
12552	 1.916,2.1024
12563	 4.1266
12571	 3.1244, 4.1271
12572	 1.928, 3.1255, 4.1272
12574	 1.930
12579	 4.1289
12586	 5.1581
12588	 4.1305, 5.1584
12629	 5.1614
12640	 4.1326, 5.1619
12656	 4.1342, 5.1622
12676	 1.955, 5.1630
12691	 5.1638
12707	 4.1369, 5.1642
12711	 4.1371, 5.1646
12760	 5.1672
12780	 3.1362
12785	 4.1439
12786	 4.1450, 5.1686
12791	 2.1135, 3.1376, 4.1454, 5.1691
12793	 4.1465
12816	 5.1712
12867	 3.1420
12869	 4.1512, 5.1748
12876	 3.1420
12878	 4.1512, 5.1748
12938	 3.1478, 4.1551
12994	 5.1806
13010	 4.1596, 5.1844
13015	 3.1503
13048	 3.1526
13056	 5.1887
13083	 3.1603, 5.1909
13093	 3.1605
13126	 5.1955
13161	 1.1056
13164	 4.1752, 5.1973
13209	 4.1771
13244	 5.2026
13251	 4.1800
13267	 4.1829
13296	 1.1091,2.1349,3.1740,4.1849,5.2093
13308	 4.1864
13319	 4.1871
13358	 4.1912, 5.2130
13366	 4.1918
13373	 5.2145
13389	 4.1931
13434	 5.2198
13468	 2.1440, 3.1861, 5.2216
13507	 5.2231
13582	 5.2257
13589	 3.1915, 4.2077, 5.2264
13594	 4.2092, 5.2271
13595	 2.1491
13603	 3.1935, 4.2101, 5.2277
13616	 5.2284
13636	 5.2309
13642	 3.1962, 5.2300
13646	 5.2296
13673	 5.2315
13693	 3.1986
13701	 4.2175
13739	 5.2366
13789	 3.2046, 4.2265, 5.2392
13793	 2.1593, 4.2274
13794	 4.2275
13807	 5.2423
13838	 2.1635
13839	 5.2453
13845	 4.2337, 5.2458
13871	 2.1646, 3.2122, 4.2354
13889	 5.2516
13893	 2.1661, 3.2139
13900	 3.2142, 5.2523
13905	 5.2530
13920	 3.2154, 4.2391, 5.2534
13936	 4.2407, 5.2552
13938	 1.1382, 2.1681, 5.2555
13949	 4.2425
13976	 3.2191, 5.2585
13977	 4.2439
13990	 4.2441, 5.2591
14047	 5.2595
14056	 1.1411
14123	 1.27, 3.34, 4.37, 5.27
14148	 6.51
14183	   6.85
14191	 6.100
14217	 1.70, 2.97, 3.99, 5.108
14218	 6.149
14220	 1.65, 2.96, 3.103, 5.113, 6.144
14230	 1.74, 2.109, 5.124
14233	 4.123, 6.162
14236	 1.79
14238	 6.166
14241	 6.170
14250	 6.179
14260	 6.187
14266	 5.148, 6 189
14365	 5.237, 6.265
14367	 4.224, 5.235, 6.269
14372	 6.273
14374	 1.149, 2.182, 3.229, 4.233, 5.246, 6.274
14415	 5.309
14417	 4.268, 5.316
14428	 3.307, 4.282, 5.331
14436	 3.322, 5.349, 6.377
14438	 1.246, 2.243, 33.312, 4.285, 5.337, 6.383
14460	 3.348
14483	 6.427
14496	 3.376, 5.419, 6.439
14529	 5.449
14575	 5.487
14605	 6.570
14639	 4.476
14640	 4.491, 5.561
14658	 4.530, 6.677
14659	 2.470, 3.586, 5.593
14662	 5.599
14663	 5.600
14672	 5.607
14711	 1.505, 2.525, 3.631, 5.634
14712	 3.632, 5.635, 6.748
14713	 4.603, 6.751
14714	 3.633, 4.604, 5.637, 6.752
14715	 5.638, 6.753
14727	 5.111, wo es falsch übersetzt und falsch eingeordnet ist
14728	 2.528, 6.767
14738	 6.776
14741	 4.616, 5.664
14742	 6.779
14751	 6.789
14759	 6.795
14760	 2.550, 3.667, 4.636, 6.797
14770	 5.683, 6.808
14772	 5.691, 6.819
14789	 1.543, 4.656
14792	 6.835
14801	 5.711
14810	 3.721
14811	 2.610, 3.725, 6.869
14812	 4.685, 5.725, 6.870
14815	 4.690
14821	 5.742, 6.883
14824	 4.700, 5.745
14859	 3.774
14877	 4.745, 6.922
14890	 4.754, 5.798, 6.927
14909	 6.948
14916	 5.850, 6.957
14933	 6.970
14939	 6.975
14940	 5.863, 6.979
14941	 6.980
14946	 6.986
14960	 3.817
14966	 5.921, 6.1024
14976	 5.923, 6.1032
15002	 4.806, 5.946
15008	 2.731, 4.811, 5.954
15011	 4.826, 5.963
15027	 6.1074
15068	 5.1047
15070	 5.1048, 6.1119
15074	 6.1129
15084	 6.1143
15108	 3.911, 4.861, 5.1049
15117	 5.1090, 6.1165
15127	 6.1181
15128	 4.924, 5.1104, 6.1182
15129	 5.1107
15132	 3.948, 6.1190
15169	 6.1253
15170	 6.1254
15184	 5.1189
15187	 3.984, 5.1200
15193	 4.1017, 6.1286
15219	 5.1224, 6.1307
15262	 4.1076, 5.1250, 6.1347
15263	 3.1008, 5.1251
15265	 4.1080, 5.1255, 6.1350
15275	 5.1266, 6.1361
15277	 6.1359
15289	 5.1269, 6.1371
15323	 5.1296
15326	 6.1406
15352	 3.1040
15360	 6.1445
15406	 5.1373
15411	 3.1103, 4.1146, 5.1389
15429	 5.1417, 6.1543
15438	 6.1563
15440	 6.1554
15443	 5.1449
15451	 6.1574
15463	 5.1470
15474	 5.1479
15475	 4.1227, 5.1480, 6.1607
15476	 2.979
15489	 6.1620
15494	 5.1500, 6.1623
15497	 1.892, 2.991, 3.1199, 4.1232
15522	 1.909, 4.1251
15528	 1.910, 3.1227, 4.1255, 6.1657
15534	 4.1257
15560	 3.1238
15565	 5.1573
15571	 5.1581, 6.1696
15573	 5.1582
15580	 3.1269, 5.1591
15604	 6.1735
15624	 5.1624
15629	 2.1103, 4.1349
15630	 6.1767
15634	 5.1629
15637	 1.955, 5.1630, 6.1775
15644	 4.1355
15646	 6.1781
15657	 4.1368
15658	 4.1369, 5.1642, 6.1799
15660	 4.1371, 5.1646, 6.1803
15689	 3.1333, 4.1402, 5.1662
15703	 6.1837
15704	 2.1122, 3.1341, 4.1407
15706	 6.1839
15714	 5.1672, 6.1840
15739	 2.1135, 3.1376, 4.1454, 5.1691, 6.1867
15745	 6.1872
15746	 5.1704, 6.1877
15763	 3.1405, 5.1728
15775	 3.1413, 4.1501, 6.1918
15776	 5.1740
15789	 2.1155, 3.1421, 4.1516
15812	 5.1756
15820	 6.1979
15847	 5.1797
15848	 6.2006
15860	 6.2017
15882	 4.1596, 5.1844, 6.2062
15883	 6.2063
15888	 1.1003, 2.1206, 3.1514, 4.1602
15898	 3.1526, 6.2098
15925	 6.2109
15946	 3.1585, 5.1902
15947	 5.1901
15952	 4.1662, 5.1904
15957	 6.2128
15963	 4.1666, 5.1908
15971	 6.2133
15994	 5.1595, 6.2175
15995	 5.1947
16058	 2.1292, 3.1654, 4.1760
16095	 4.1791
16108	 4.1791
16120	 4.1804, 5.2037
16124	 5.2053
16135	 4.1804, 5.2037
16139	 5.2053
16178	 5.2069
16180	 6.2315
16188	 5.2081
16202	 3.1737, 4.1844, 5.2087
16204	 3.1747, 5.2096
16206	 1.1091, 2.1349, 3.1740, 4.1849, 5.2093, 6.2325
16258	 5.2124
16264	 4.1918, 6.2384
16269	 5.2145, 6.2391
16315	 5.2198, 6.2449
16337	 5.2257, 6.2591
16348	 3.1915, 4.2077, 5.2264, 6.2598
16349	 4.2078
16370	 5.2296, 6.2655
16394	 4.2195, 5.2325
16402	 3.1986, 6.2700
16428	 3.1995, 4.2180
16440	 5.2366, 6.2745
16532	 3.2091, 4.2312
16562	 2.1638, 4.2329, 5.2448
16564	 4.2331
16565	 5.2450
16566	 5.2453, 6.2829
16569	 6.2832
16570	 6.2837
16616	 6.2869
16622	 5.2516, 6.2873
16623	 3.2137, 5.2511
16628	 2.1661, 3.2139, 6.2877
16639	 6.2885
16645	 3.2154, 4.2391, 5.2534, 6.2899
16684	 4.2407, 5.2552, 6.2912
16698	 3.2191, 5.2585, 6.2952
16699	 4.2439, 6.2953
16708	 5.2590
16709	 4.2441, 5.2591, 6.2966
16744	 6.2996
16775	 5.2595, 6.3015
16780	 6.3025
16814	 4.5
16819	 2.7, 4.12, 6.8
16841	 5.26
16844	 1.27, 3.34, 4.37, 5.27, 7.26
16845	 6.33
16852	 7.28
16857	 6.51, 7.51
16861	 7.56
16872	 6.76
16911	 7.118
16921	 .6.174
16925	 6.179, 7.152
16936	 7.32
17007	 6.149, 7.121
17017	 5.237, 6.265, 7.261
17032	 7.267
17038	 7.273
17039	 5.248, 6.280
17042	 7.274
17056	 3.270, 5.275
17058	 2.209, 4.262, 5.292
17066	 7.309
17095	 4.306, 5.370, 6.397
17104	 3.343, 5.372, 6.398
17121	 7.356
17132	 5.328
17133	 1.246, 2.243, 3.312, 4.285, 5.337, 6.383, 7.334
17134	 5.338
17161	 3.376, 5.419, 6.439, 7.388
17170	 6.425
17174	 6.427, 7.376
17177	 7.406
17204	 2.346, 5.452, 6.473
17319	 7.527
17321	 4.491, 5.561, 7.530
17343	 7.553, 554
17357	 1.483, 2.497, 3.611, 4.583, 5.618
17358	 6.726
17366	 3.632, 5.635, 6.748
17367	 5.636, 6.750
17369	 3.633, 4.604, 5.637, 6.752, 7.601
17370	 5.638, 6.753, 7.602
17371	 6.756
17382	 4.612, 5.658, 6.771
17399	 7.634
17405	 6.795, 7.642
17409	 7.650
17410	 5.677, 6.806
17411	 6.807
17413	 5.683, 6.808
17416	 6.814
17419	 5.691, 6.819, 7.655
17426	 6.835, 7.671
17429	 4.665, 5.701
17452	 7.905
17484	 7.914
17521	 3.735, 6.879
17522	 6.881
17524	 5.742, 6.883, 7.699
17526	 7.701
17527	 4.700, 5.745, 7.702
17531	 7.920
17532	 5.1033, 6.1108
17533	 7.922
17540	 4.860
17542	 6.1143, 7.945
17543	 1.726, 2.774, 3.922, 4.876
17546	 1.750, 3.916, 4.888, 5.1077, 6.1150
17564	 7.971
17591	 3.940, 5.1095, 6.1171
17593	 7.982
17596	 7.986
17597	 7.987
17599	 6.1181, 7.988
17600	 4.924, 5.1104, 6.1182, 7.989
17603	 7.996
17607	 7.726
17611	 7.737
17617	 7.740
17627	 4.754, 5.798, 6.927, 7.759
17646	 6.975, 7.808
17656	 6.986, 7.815
17666	 5.915
17719	 6.1251
17720	 6.1253, 7.1030
17729	 3.984, 5.1200, 7.1048
17748	 7.1069
17750	 5.1219
17752	 5.1224, 6.1307, 7.1073
17782	 5.1269, 6.1371, 7.1120
17783	 5.1266, 6.1361, 7.1106
17802	 7.1139
17815	 6.1432
17829	 7.1167
17862	 6.1520
17874	 7.1248
17877	 6.1554, 7.1261
17884	 7.1260
17888	 5.1449, 7.1264
17891	 6.1574, 7.1272
17892	 7.1274
17909	 5.1470, 7.1284
17927	 5.1493, 6.1615
17929	 7.1305
17931	 5.1500, 6.1623, 7.1314
17935	 7.1315
17936	 1.892, 2.991, 3.1194, 4.1232
17951	 5.1520
17970	 2.1040, 5.1565
17971	 1.927, 5.1566
17972	 4.1267
17973	 7.1374
17975	 1.928, 3.1255, 4.1272, 6.1685
17980	 7.1376
17992	 4.1289, 6.1691
17997	 5.1582, 7.1388
18004	 5.1605
18009	 5.1598
18031	 7.1422
18040	 7.1426
18054	 5.1629, 7.1442
18062	 7.1449
18098	 6.1835, 7.1504
18100	 6.1837, 7.1506
18102	 6.1839, 7.1508
18103	 5.1672, 6.1840, 7.1515
18111	 6.1845, 7.1519
18126	 4.1450, 5.1686, 6.1862
18140	 5.1704, 6.1877, 7.1547
18146	 4.1483, 5.1706, 6.1882
18153	 7.1557
18169	 7.1572
18171	 7.1578
18176	 5.1750
18184	 7.1585
18191	 6.1962
18212	 7.1633
18220	 6.1620, 7.1310
18234	 4.1556
18236	 5.1806, 6.2020
18259	 7.1674
18263	 4.1596, 5.1844, 6.2062, 7.1679
18276	 6.2082
18277	 6.2089
18280	 6.2088
18292	 6.2094, 7.1692
18307	 5.1887 , 6.2105
18320	 6.2109, 7.1717
18337	 4.1666, 5.1908, 7.1751
18339	 3.1587
18342	 7.1752
18352	 6.2138
18379	 5.1595, 6.2175, 7.1778
18430	 7.1827
18439	 4.1771, 6.2245
18468	 7.1884
18498	 6.2315, 7.1923
18519	 7.1946
18548	 4.1871, 6.2343
18556	 7.1972
18562	 5.2124, 7.1988
18584	 1.1126, 3.1789
18596	 1.1126, 3.1789
18616	 3.1818, 5.2175
18617	 5.2176
18649	 7.2028
18665	 5.2198, 6.2449, 7.2037
18674	 7.2486
18694	 6.2577
18750	 6.2689
18752	 7.2125
18815	 7.2185
18842	 7.2219
18855	 7.2234.Dazu Bd.2 s. 8.1961
18867	 2.1623, 3.2089, 5.2425, 7.2251
18882	 δ.2435
18890	 2.1633, 5.2447
18892	 5.2450, 7.2292
18893	 5.2453, 6.2829, 7.2293
18895	 6.2832, 7.2296
18901	 6.2837, 7.2297
18907	 6.2850
18911	 6.2855, 7.2314
18914	 5.2481
18915	 7.2319
18917	 7.2337
18924	 6.2869, 7.2335
18930	 7.2338
18932	 5.2516, 6.2873, 7.2341
18937	 3.2142, 5.2523, 6.2882
18951	 6.2896
18952	 3.2154, 4.2391, 5.2534, 6.2899, 7.2364
18973	 7.2386
18977	 4.2407, 5.2552, 6.2912, 7.2387
19001	 6.2959
19002	 6.2960
19003	 6.2961
19004	 6.2962
19009	 7.2415
19027	 6.2981
19053	 7.2444
19054	 6.2996, 7.2445
19062	 7.2450
19093	 6.3011
19094	 7.2463
19106	 7.2474
19111	 7.2475
19112	 5.2595, 6.3015, 7.2476
19113	 6.3025, 7.2431
19134	 7.2503
19138	 7.2509
19149	 4.5, 8.4
19154	 2.7, 8, 4.12, 13, 6.8, 9
19181	 6.33, 8.34
19185	 8.37
19191	 7.32, 8.47
19198	 6.51,7.51,8.60
19201	 7.56, 8.64
19269	 8.108
19279	 8.112
19280	 7.117
19282	 7.118, 8.113
19284	 6.157
19288	 1.65, 2.96, 3.103, 6.144, 7.123, 8.126
19292	 8.129
19293	 8.128
19304	 8.122
19319	 7.144
19464	 5.237, 6.265, 7.261, 8.221
19466	 3.216, 5.240
19496	 2.203,4.244
19505	 1.195,2.206,3.274,4.251,5.279,6.306
19517	 7.309,8.260
19528	 8.267
19540	 7.330
19561	 7.345
19563	 8.302
19564	 8.301
19585	 8.338
19591	 8.352
19608	 8.369
19609	 7.406, 8.370
19620	 7.417
19635	 8.386
19661	 8.407
19663	 5.480
19668	 5.487, 7.465
19728	 8.482
19735	 8.496
19741	 Ί.52Ί, 8.497
19763	 4.530, 6.677, 7.546
19764	 2.470, 3.586, 5.593, 7.547
19766	 6.685
19767	 8.517
19768	 8.516
19814	 4.603, 6.751, 7.600, 8.542
19815	 5.638, 6.753, 7.602, 8.544
19835	 5.654, 7.622
19841	 6.776, 7.624
19864	 7.650, 8.581
19865	 8.584
19871	 5.691, 6.819, 7.655, 8.591
19892	 6.835, 7.671, 8.598
19929	 7.701, 8.624
19949	 3.761, 4.728, 6.902, 8.636
19960	 7.737, 8.644
19964	 7.741
19973	 4.745, 6.922, 7.748
19993	 8.675
19994	 6.970, 7.802
19996	 7.807
20016	 6.986, 7.815, 8.689
20039	 5.920
20042	 4.788, 6.1028
20045	 5.923, 6.1032, 7.844
20109	 5.983
20131	 6.1087
20203	 8.785
20216	 7.917
20217	 7.918
20278	 5.1033, 6.1108, 8.793
20280	 8.796
20288	 6.1143, 7.945, 8.803
20289	 1.726, 2.774, 3.922, 4.876, 8.804
20302	 7.940
20303	 8.823
20306	 8.830
20345	 7.987, 8.857
20349	 6.1181, 7.988, 8.859
20353	 8.861
20355	 3.948, 6.1190, 7.993
20357	 7.996, 8.863
20358	 5.1118, 6.1200
20376	 8.894
20379	 8.897
20398	 3.984, 5.1200, 7.1048, 8.910
20408	 8.919
20451	 5.1224, 6.1307, 7.1073, 8.929
20452	 6.1308
20516	 5.2053, 7.1886
20528	 5.1266, 6.1361, 7.1106, 8.950
20529	 5.1267, 6.1363
20530	 6.1367, 7.1113
20565	 7.1139, 8.964
20587	 7.1154
20591	 6.1411
20662	 6.1503
20672	 8.1014
20677	 6.1503
20687	 8.1014
20692	 6.1503
20701	 8.1014
20730	 8.1027
20745	 8.1027
20752	 8.1031
20753	 7.1248, 8.1032
20764	 8.1043
20770	 7.1260, 8.1041
20783	 6.1554, 7.1261, 8.1034
20784	 7.1265
20797	 8.1075
20804	 7.1292
20812	 5.1484, 6.1608
20823	 7.1305, 8.1086
20824	 6.1620, 7.1310, 8.1353
20825	 5.1496, 6.1621
20861	 5.1520, 8.1101
20902	 8.1124
20907	 7.1381
20908	 5.1571
20917	 5.1581, 6.1696, 7.1386
20918	 5.1582, 7.1388, 8.1144
20933	 2.1065, 4.1310, 7.1396
20942	 4.1312, 6.1716
20970	 7.1422, 8.1171
20977	 7.1426, 8.1179
20986	 5.1629, 7.1442, 8.1190
20995	 7.1449, 8.1198
21025	 6.1825
21032	 5.1658, 6.1827
21035	 2.1114, 4.1405, 5.1666, 6.1834
21036	 6.1835, 7.1504, 8.1234
21042	 6.1839, 8.1508
21043	 7.1509
21050	 6.1845, 7.1519, 8.1244
21096	 8.1298
21102	 7.1580
21113	 5.1750, 8.1308
21147	 6.1947
21148	 6.1962, 8.1323
21149	 7.1606
21150	 5.1753
21201	 7.1633, 8.1346
21202	 6.2015
21203	 8.1349
21215	 4.1556, 8.1366
21230	 4.1568, 5.1814, 7.1661
21237	 6.2048, 8.1378
21259	 7.1674, 8.1391
21271	 6.2089, 8.1409
21277	 8.1419
21280	 6.2094, 7.1692, 8.1424
21313	 6.2109, 7.1717, 8.1452
21322	 7.1722
21326	 8.1455
21327	 8.1729
21337	 3.1585, 5.1902, 7.1736
21346	 4.1662, 5.1904, 7.1741
21381	 8.1480
21421	 5.1955, 6.2175, 7.1778, 8.1508
21434	 7.1790, 8.1520
21440	 8.1529
21477	 7.1829
21495	 8.1568
21498	 6.2263
21505	 6.2271
21516	 4.1791, 7.1870
21543	 8.1613
21569	 6.2317
21587	 1.1091, 2.1349, 3.1740, 4.1849, 5.2093, 6.2325, 7.1945
21588	 8.1641
21589	 7.1946, 8.1644
21613	 7.1953
21625	 4.1871, 6.2343, 8.1673
21664	 7.1972, 8.1680
21814	 7.2028, 8.1756
21832	 5.2198, 6.2449, 7.2037, 8.1772
21845	 6.2486, 8.1781
21864	 7.2058
21868	 7.2066
21882	 3.1915, 4.2077, 5.2264, 6.2598, 7.2080
21918	 8.1823
21942	 7.2127
21947	 8.1876
22035	 7.2219, 8.1948
22046	 7.2228
22075	 8.1981
22104	 2.1633, 5.2447, 7.2285, 8.1995
22105	 8.1996
22109	 6.2832, 7.2296, 8.2000
22116	 8.2011
22124	 7.2312
22128	 5.2481, 8.2019
22129	 7.2319, 8.2020
22144	 6.2869, 7.2335, 8.2029
22147	 6.2871
22148	 5.2516, 6.2873, 7.2341, 8.2036
22169	 6.2896, 8.2055
22174	 3.2154, 4.2391, 5.2534, 6.2899, 7.2364, 8.2056
22195	 7.2386, 8.2076
22205	 7.2389
22208	 4.2439, 6.2953, 7.2402
22216	 8.2112
22217	 7.2415, 8.2113
22253	 6.2990
22267	 7.2444, 8.2156
22300	 7.2460
22314	 6.3011, 8.2196
22316	 7.2465, 8.2195
22334	 7.2474, 8.2209
22335	 8.2208
22341	 6.3025, 7.2431, 8.2216
22379	 7.2509.8.2241
22417	 9.18
22435	 8.48
22436	 1.27, 3.34, 4.37, 5.27, 7.26, 8.33
22437	 6.33, 8.34, 9.30
22438	 8.35
22444	 5.31, 6.36
22448	 7.32, 8.47, 9.40
22455	 9.43
22461	 8.61
22532	 9.92
22549	 7.118, 8.113, 9.115
22556	 9.128
22557	 7.131
22561	 9.123
22577	 9.139
22613	 6.183, 7.157
22631	 8.147
22651	 9.169
22675	 9.179
22764	 5.237, 6.265, 7.261, 8.221, 9.225
22765	 7.264
22769	 7.267, 8.227, 9.229
22770	 6.273, 7.268
22784	 9.244
22816	 7.309, 8.260, 9.270
22827	 6.349
22828	 5.321
22843	 6.349
22844	 5.321
22897	 8.304
22901	 8.305
22904	 7.345, 9.305
22921	 9.320
22957	 7.398
22959	 7.406, 8.370, 9.349
22963	 9.356
22968	 8.379
22973	 4.375, 5.448
22978	 9.369
22980	 8.386, 9.370
22997	 8.395, 9.383
23003	 9.384
23050	 5.516
23110	 7.527, 8.497, 9.463
23119	 8.500
23147	 4.530, 6.677, 7.546, 9.484
23177	 7.573
23207	 3.633, 4.604, 5.637, 6.752, 7.601, 8.543
23209	 5.638, 6.753, 7.602, 8.544, 9.527
23225	 4.612, 5.658, 6.771
23229	 4.616, 5.664, 7.627
23230	 6.779, 7.628
23232	 9.548
23236	 7.634, 8.571
23248	 9.550
23250	 6.789, 7.635
23266	 6.795, 7.642, 8.577
23268	 5.683, 6.808, 8.585
23270	 9.559
23295	 9.584
23311	 9.587
23331	 7.698
23334	 9.593
23383	 3.761, 4.728, 6.902, 8.636, 9.616
23386	 7.726, 8.640
23405	 7.741, 9.628
23439	 9.675
23440	 8.697
23445	 9.691
23465	 6.1035
23474	 8.708
23483	 9.710
23489	 9.716
23491	 8.712
23502	 9.724
23527	 6.1079
23538	 6.1087, 9.765
23539	 7.905, 8.726
23548	 8.759
23561	 804
23588	 9.874
23604	 5.1033, 6.1108, 8.793, 9.887
23610	 8.796, 9.889
23625	 8.823, 9.912
23627	 9.913
23633	 6.1143, 7.945, 8.803, 9.897
23651	 9.935
23668	 6.1181, 7.988, 8.859, 9.952
23672	 7.996, 8.863, 9.960
23694	 8.897, 9.982
23707	 5.1189, 7.1045
23718	 8.913
23726	 4.1017, 6.1286, 7.1053
23742	 4.1032, 5.1215, 6.1295
23778	 8.938
23834	 9.1035
23837	 5.1266, 6.1361, 7.1106, 8.950, 9.1036
23844	 9.1048
23847	 9.1043
23858	 9.1052
23873	 7.1167, 8.991
23885	 9.1109
23895	 5.1374, 7.1219
23908	 9.1146
23919	 8.1027, 9.1161
23923	 6.1554, 7.1261, 8.1034, 9.1188
23924	 7.1265, 9.1189
23925	 8.1075, 9.1202
23935	 7.1260, 8.1041, 9.1179
23945	 8.1056
23948	 5.1470, 7.1284, 8.1066
23956	 9.1211
23983	 1.892, 2.991, 3.1194, 4.1232
23984	 7.1327
23987	 9.1232
24020	 9.1261
24036	 4.1257, 7.1351
24049	 8.1113
24056	 8.1121
24058	 7.1379
24074	 5.1582, 7.1388, 8.1144, 9.1297
24099	 9.1328
24122	 7.1422, 8.1171, 9.1332
24145	 9.1338
24146	 5.1624, 7.1433
24184	 8.1228
24186	 6.1825, 9.1371
24192	 2.1114, 4.1405, 5.1666, 6.1834, 9.1374
24193	 6.1835, 7.1504, 8.1234, 9.1375
24216	 9.1390
24255	 8.1290
24269	 9.1421
24292	 7.1603
24302	 7.1606, 9.1462
24305	 9.1445
24310	 8.1325
24311	 9.1448
24314	 8.1319
24324	 6.1962, 8.1323, 9.1461
24330	 9.1468
24343	 6.1950
24359	 9.1485
24364	 8.1343
24398	 6.1994
24403	 7.1633, 8.1346, 9.1503
24418	 9.1526
24442	 9.1551
24469	 6.2070, 9.1562
24513	 7.1711
24523	 6.2109, 7.1717, 8.1452, 9.1604
24531	 9.1611
24535	 9.1615
24538	 8.1455, 9.1616
24557	 9.1641
24558	 9.1642
24560	 9.1652
24604	 5.1955, 6.2175, 7.1778, 8.1508, 9.1704
24667	 7.1829, 9.1753
24670	 9.1748
24681	 8.1568, 9.1768
24705	 4.1800, 6.2283
24709	 9.1794
24716	 9.1796
24734	 9.1805
24787	 7.1946.8.1644, 9.1839
24797	 7.1953, 9.1856
24870	 9.1920
24917	 9.1968
24937	 9.1974
24952	 7.2030
24960	 9.2020
25044	 3.1915, 4.2077, 5.2264, 6.2598, 7.2080, 9.2071
25045	 4.2078, 7.2081
25046	 2.1483, 3.1919, 4.2087, 5.2269
25067	 8.1828
25078	 3.1962, 5.2300, 7.2651
25084	 8.1834
25106	 7.2715, 8.1874, 9.2136
25112	 7.2125, 8.1858
25164	 7.2219, 8.1948, 9.2218
25189	 9.2250
25197	 8.1981, 9.2254
25209	 5.2436
25214	 8.1990
25219	 9.2270
25221	 9.2285
25225	 2.1633, 5.2447
25229	 8.2001
25230	 6.2837, 7.2297, 8.2006, 9.2282
25236	 8.2011, 9.2286
25248	 7.2337, 8.2022
25262	 7.2338, 8.2035
25286	 8.2057
25325	 7.2386, 8.2076, 9.2351
25329	 1.1382, 2.1681, 5.2555, 6.2914
25347	 3.2191, 5.2585, 6.2952, 7.2401
25348	 8.2098
25349	 4.2439, 6.2953, 7.2402, 9.2364
25367	 4.2441, 5.2591, 6.2966
25370	 8.2112, 9.2372
25446	  7.2443, 8.2143, 9.2420
25455	 9.2421
25459	 8.2152
25472	 9.2421
25476	 8.2152
25498	 7.2444, 8.2156, 9.2419
25503	 7.2450, 8.2165
25504	 8.2167
25516	 7.2460, 9.2450
25536	 8.2193
25538	 9.2462
25574	 7.2471
25608	 8.2198
25609	 9.2479
25615	 7.2475, 8.2214
25639	 8.2223
25688	 10.21
25722	 9.18, 10.20
25743	 9.24
25746	 8.35, 10.37
25750	 7.32, 8.47, 9.40, 10.46
25755	 9.43
25761	 8.61, 10.58
25876	 8.108, 9.102
25893	 8.129, 9.124
25894	 9.123, 10.146
25897	 7.118, 8.113, 9.115, 10.134
25902	 9.114
25903	 8.122, 9.136
25909	 9.128, 10.141
25922	 10.153
25930	 9.139, 10.156
25938	 9.147, 10.159
25958	 10.160
25983	 10.174
26042	 9.187, 10.207
26117	 5.237, 6.265, 7.261, 8.221, 9.225, 10.263
26122	 7.264, 10.264
26129	 7.267, 8.227, 9.229, 10.266
26184	 8.267,9.280
26187	 5.321, 10.315
26209	 10.332
26210	 10.333
26254	 9.320, 10.371
26319	 7.406, 8.370, 9.349, 10.405
26326	 9.356, 10.409
26352	 8.386, 9.370, 10.423
26389	 8.413
26477	 9.442
26501	 9.451
26563	 2.470, 3.586, 5.593, 7.547, 9.484
26564	 10.574
26576	 10.576
26585	 10.586
26598	 7.573, 10.598
26627	 9.524
26629	 9.528
26636	 5.111, 7.613
26641	 6.776, 7.624, 9.547
26653	 8.567
26658	 7.630
26659	 9.550, 10.647
26663	 10.650
26672	 9.559
26687	 9.570
26688	 6.828, 10.669
26695	 10.670
26737	 9.591, 10.700
26741	 10.702
26742	 10.703
26744	 9.593, 10.707
26778	 10.722
26806	 10.739
26825	 7.737, 8.644, 9.625
26839	 9.631
26843	 7.737, 8.644, 9.625
26858	 9.631
26868	 8.675, 9.652
26873	 10.772
26885	 6.986, 7.815, 8.689, 9.672
26891	 9.691, 10.783
26912	 10.805
26913	 10.806
26937	 9.759
26938	 6.1079, 10.842
26949	 6.1087, 9.765, 10.851
26950	 8.732
26957	 7.917, 9.836
26993	 8.796, 9.889, 10.908
27011	 8.796, 9.889, 10.908
27015	 9.895
27024	 3.911, 4.861, 5.1049, 7.969
27028	 1.726, 2.774, 3.922, 4.876, 8.804, 9.898
27031	 8.823, 9.912, 10.920
27032	 9.913, 10.922
27073	 10.975
27082	 3.974
27087	 8.886
27090	 7.1032
27097	 9.993, 10.1002
27156	 10.1036
27158	 9.1016
27192	 9.1035, 10.1062
27204	 9.1048, 10.1069
27209	 7.1139, 8.964, 9.1059
27213	 9.1052, 10.1080
27219	 10.1090
27222	 9.1095
27224	 9.1088
27226	 7.1167, 8.991, 10.1094
27253	 9.1142
27271	 6.1554, 7.1261, 8.1034, 9.1118, 10.1128
27280	 6.1566
27281	 10.1143
27285	 9.1185
27299	 8.1056, 10.1149
27310	 9.1200
27324	 7.1292, 9.1209
27327	 9.1211, 10.1159
27334	 7.1303
27335	 9.1219
27336	 9.1222, 10.1166
27354	 7.1327, 10.1184
27361	 10.1198
27373	 9.1261, 10.1208
27386	 4.1258, 5.1524
27390	 9.1277
27402	 7.1379, 10.1238
27452	 10.1246
27453	 10.1247
27467	 9.1526, 10.1509
27529	 9.1338, 10.1288
27535	 5.1629, 7.1442, 8.1190, 9.1342
27543	 9.1349
27548	 10.1304
27570	 6.1825, 9.1371, 10.1320
27592	 6.1837, 7.1506, 8.1236
27597	 2.1114, 4.1405, 5.1666, 6.1834, 9.1374, 10.1325
27599	 6.1839, 8.1508, 9.1379
27621	 5.1658, 6.1827.9.1372
27639	 9.1390, 10.1340
27672	 8.1269
27673	 8.1264
27716	 9.1421, 10.1378
27797	 6.1994, 10.1492
27819	 6.2048, 8.1378, 9.1529, 10.1512
27823	 10.1530
27824	 10.1527
27829	 10.1547
27840	 9.1588
27853	 10.1584
27859	 1.1007, 3.1561, 5.1883
27860	 10.1587
27867	 10.1598
27869	 10.1599
27870	 9.1615, 10.1601
27871	 8.1455, 9.1616, 10.1604
27872	 9.1611, 10.1597
27876	 9.1617
27886	 4.1666, 5.1908, 7.1751, 8.1469
27887	 10.1618
27891	 8.1476
27892	 9.1642, 10.1622
27893	 9.1652, 10.1624
27901	 9.1675
27912	 8.1480, 9.1669
27915	 9.1681
28009	 7.1851
28013	 8.1568, 9.1768, 10.1710
28032	 5.2026, 6.2276
28036	 4.1804, 5.2037, 7.1882
28039	 9.1794, 10.1727
28076	 9.1820
28078	 6.2315, 7.1923, 8.1624
28098	 10.1782
28099	 7.1946, 8.1644.9.1839, 10.1783
28120	 7.1953, 9.1856, 10.1793
28193	 9.1920, 10.1846
28195	 7.1972, 8.1680, 9.1893
28201	 9.1899
28207	 8.1683
28214	 9.1912
28215	 9.1910
28231	 7.2005
28257	 10.1888
28260	 9.1975
28270	 9.1973
28283	 8.1756, 9.2012
28285	 10.1906
28295	 4.1955, 9.2022
28296	 2.1421, 3.1831, 4.1957, 9.2023
28301	 10.1917
28302	 10.1918
28314	 10.1923
28326	 8.1784
28375	 4.2092, 5.2271, 6.2603
28397	 8.1820
28431	 10.2017
28465	 10.2039
28474	 9.2147
28475	 9.2152
28538	 6.2770
28548	 8.1952
28574	 3.2070
28582	 9.2248
28585	 9.2250, 10.2112
28588	 9.2253
28596	 8.1891, 9.2254, 10.2119
28605	 9.2259
28617	 9.2285, 10.2140
28620	 10.2142
28627	 7.2294
28628	 10.2151
28629	 8.2001, 10.2148
28631	 6.2832, 7.2296, 8.2000, 9.2279
28634	 6.2837, 7.2297, 8.2006, 9.2282, 10.2149
28644	 7.2312, 9.2293
28649	 9.2294
28651	 5.2480, 9.2296
28682	 10.2173
28688	 7.2338, 8.2035, 10.2179
28694	 9.2317
28698	 9.2320
28717	 8.2057, 10.2194
28731	 10.2206
28733	 9.2344
28754	 9.2349
28756	 7.2386, 8.2076, 9.2351, 10.2220
28774	 10.2242
28776	 8.2099
28784	 10.706
28795	 7.2417: dort Vorname irrig Κ
28844	 7.2443, 8.2143, 9.2420, 10.2322
28861	 10.2358
28865	 7.2450, 8.2165, 10.2362
28866	 8.2166
28876	 10.2342
28887	 10.2349
28898	 7.2460, 9.2450, 20.2375
28904	 8.2193, 10.2389
28922	 8.2198, 10.2449
28933	 7.2471, 10.2417
28935	 10.2420
28936	 8.2208, 9.2482
28949	 9.2491
28965	 10.2471
28979	 10.2488
28989	 9.2487
29015	 10.21
29052	 9.24, 11.55
29053	 11.57
29058	 6.33, 8.34, 9.30, 10.36
29059	 8.35, 10.37, 11.58
29065	 9.43, 11.67
29090	 7.28, 8.41, 11.60
29115	  10.83
29165	 10.133, 11.186
29167	 11.196
29176	 10.151
29191	 9.139, 10.156, 11.225
29200	 11.239
29234	 8.147, 10.178
29273	 11.265
29275	 9.177
29372	 9.244, 10.280
29421	 8.267, 9.280, 11.411
29488	 8.339
29490	 11.505
29496	 11.514
29522	 9.356, 10.409, 11.549
29534	 10.424
29551	 10.443
29563	 10.454
29564	 11.611
29611	 11.703
29700	 3.633, 4.604, 5.637, 6.752, 7.601, 8.543, 10.618, 11.841
29701	 9.528, 11.842
29716	 11.853
29723	 9.548, 10.639
29734	 10.650, 11.870
29754	 6.828, 10.669, 11.890
29756	 10.670, 11.896
29763	 11.908
29782	 11.923
29797	 10.706
29821	 10.722, 11.971
29839	 10.739, 11.994
29857	 11.1017
29875	 11.1038
29880	 11.1043
29920	 10.806, 11.1069
29927	 11.1071
29936	 6.1064
29953	 11.1089
29954	 9.759, 11.1091
29982	 8.796, 9.889, 10.908, 11.1137
29992	 9.913, 10.922, 11.1158
30020	 11.1161
30026	 8.848
30030	 3.940, 5.1095, 6.1171
30035	 8.861, 9.956
30064	 10.975, 11.1198
30082	 9.993, 10.1002, 11.1221
30083	 10.1009
30088	 11.1226
30167	 9.1035, 10.1062
30168	 11.1272
30227	 9.1794, 10.1727, 11.1996
30229	 10.1143, 11.1348
30233	 7.1271
30234	 10.1131
30237	 7.1292, 9.1209, 11.1391
30253	 10.1198, 11.1423
30269	 11.1449
30329	 10.1246, 11.1502
30335	 5.1582, 7.1388, 8.1144, 9.1297
30378	 7.1422, 8.1171, 9.1332, 10.1270
30384	 11.1527
30385	 11.1536
30396	 11.1568
30416	 11.1568
30442	 10.1304, 11.1584
30449	 6.1825, 9.1371, 10.1320, 11.1603
30461	 9.1373, 11.1626
30467	 2.1122, 3.1341, 4.1407, 7.1507
30473	 5.1672, 6.1840, 7.1515, 8.1239
30474	 11.1644
30477	 7.1509, 9.1380
30541	 11.1722
30547	 11.1729
30581	 10.1426
30609	 10.1461, 11.1754
30644	 10.1514
30654	 7.1674, 8.1391, 9.1546
30655	 9.1545
30658	 10.1530
30705	 6.2094, 7.1692, 8.1424, 9.1579
30708	 11.1825
30718	 9.1588
30722	 10.1584, 11.1837
30725	 10.1587, 11.1844
30744	 10.1599, 11.1851
30745	 9.1615, 10.1601, 11.1852
30748	 8.1455, 9.1616, 10.1604, 11.1853
30749	 7.1729, 9.1617.11.1858
30754	 11.1859
30763	 10.1618, 11.1869
30764	 9.1641, 10.1621
30770	 9.1675
30773	 11.1888
30775	 9.1681, 11.1897
30844	 11.1936
30846	 10.1682
30858	 11.1961
30887	 5.2026, 6.2276, 11.1991; s.a. 4.1791, 7.1870, 9.1784, 11.1990
30907	 9.1796, 10.1730
30908	 11.2005
30918	 8.1615
30954	 10.1782, 11.2048
30958	 11.2052
31007	 11.2104
31012	 9.1920, 10.1846, 11.2140
31026	 10.1839
31032	 11.2151
31040	 9.1936
31045	 11.2166
31056	 9.1968, 10.1877, 11.2182
31070	 9.1968, 10.1877, 11.2182
31084	 9.1968, 10.1877, 11.2182
31099	 9.1975, 11.2196
31120	 8.1756, 9.2012, 11.2213
31122	 10.1906, 11.2217
31129	 9.2020, 10.1911
31130	 4.1955, 11.2221
31262	 11.2376
31280	 8.1917
31283	 7.2185.8.1921
31318	 3.2094
31321	 11.2523
31332	 8.2001, 10.2148, 11.2535
31333	 6.2837, 7.2297.8.2006, 9.2282, 10.2149, 11.2536
31334	 10.2151, 11.2531
31338	 4.2340
31343	 3.2115
31347	 6.2855, 7.2314, 8.2016
31352	 7.2319, 8.2020, 9.2298
31355	 7.2322
31370	 11.2564
31373	 11.2576
31406	 10.2206, 11.2623
31407	 9.2344, 11.2625
31424	 11.2642
31446	 11.2670
31451	 8.2112, 9.2372, 10.2255
31466	 6.2990, 9.2405
31467	 9.2404
31475	 11.2725
31479	 7.2443, 8.2143, 9.2420, 10.2322, 11.2724
31487	 10.2357
31488	 10.2358, 11.2740
31491	 7.2451
31496	 11.2756
31511	 8.2193, 10.2389, 11.2781
31512	 10.2390
31515	 10.2399
31524	 11.2802
31534	 9.2481
31561	 4.2458
31582	 10.2462
31587	 11.1
31590	 12.3
31591	 10.21, 11.2, 12.4
31621	 11.33
31655	 8.35, 10.37, 11.58
31671	 6.51, 7.51, 8.60
31673	 8.61, 10.58, 11.73
31709	 11.123
31716	 11.138
31719	 4.76, 5.74, 6.107, 7.96
31763	 7.113
31767	 7.116
31768	 2.90, 3.97, 4.101, 5.104, 6.139.11.185
31772	 11.188
31777	 11.197
31807	 7.147
31834	 12.174
31853	 11.250
31858	 11.251
31873	 8.147, 10.178, 12.181
31883	 9.169, 10.184
31907	 11.265, 12.192
32022	 5.237, 6.265, 7.261, 8.221, 9.225, 10.263, 11.358
32026	 7.267, 8.227, 9.229, 10.266, 11.365
32032	 11.369
32062	 1.195, 2.206, 3.274, 4.251, 5.279, 6.306, 9.260
32063	 12.297
32124	 7.343, 8.298, 9.306
32165	 11.520
32174	 12.396
32183	 7.406, 8.370, 9.349, 10.405, 11.542
32188	 9.356, 10.409, 11.549, 12.412
32198	 12.416
32201	 11.566
32202	 2.346, 5.452, 6.473, 8.384
32207	 8.386, 9.370, 10.423, 11.575
32232	 10.443
32250	 11.636, 12.460
32271	 10.488
32281	 12.489
32284	 10.488
32294	 12.489
32317	 11.718
32331	 12.512
32344	 10.551
32352	 12.538
32353	 12.539
32377	 7.573, 10.598, 11.812
32392	 4.603, 6.751, 7.600, 8.542, 9.526
32393	 5.638, 6.753, 7.602, 8.544, 9.527, 10.619
32403	 11.848
32407	 7.625
32411	 11.853, 12.590
32426	 12.604
32433	 10.645
32437	 10.650, 11.870, 12.608
32440	 12.610
32445	 12.613
32460	 7.650, 8.581, 9.557
32462	 8.584, 9.558
32465	 9.559, 10.662, 11.877
32468	 5.691, 6.819, 7.655, 8.591, 9.561
32469	 9.562
32476	 6.828, 10.669, 11.890, 12.627
32479	 11.893
32506	 11.918
32517	 11.923, 12.651
32526	 10.703, 11.938
32528	 10.705, cf. 12.667
32531	 10.706, 12.666
32542	 10.722, 11.971, 12.687
32552	 11.983
32561	 10.739, 11.994, 12.703
32566	 12.707
32569	 11.1000
32570	 7.726, 8.640, 10.745
32577	 12.714
32594	 10.772, 11.1033
32605	 12.736
32609	 10.778
32622	 12.743
32642	 9.696
32657	 10.805, 11.1068
32658	 10.806, 11.1069, 12.776
32675	 11.1087, 12.802-806
32685	 12.822
32708	 12.832
32710	 8.823, 9.912, 10.920, 11.1157, 12.842
32712	 9.913, 10.992, 11.1158, 12.843
32715	 12.850
32716	 12.852
32730	 12.858
32732	 11.1161, 12.871
32733	 12.872
32753	 9.935, 10.946
32761	 12.888
32765	 11.1209
32790	 12.915
32803	 9.992
32806	 9.993, 10.1002, 11.1221, 12.931
32807	 12.935
32860	 10.1036, 11.1247
32895	 9.1033
32904	 11.1265
32912	 9.1035, 10.1062, 12.963
32915	 7.1093
32922	 11.1273
32923	 11.1272, 12.964
32934	 6.1367, 7.1113, 9.1038
32940	 9.1048, 10.1069, 11.1277
32969	 9.1095, 11.1294
33036	 12.987
33045	 12.997
33055	 12.1001
33057	 9.1152
33069	 10.1143, 11.1348, 12.1011
33071	 6.1554, 7.1261, 8.1034, 9.1188, 10.1128, 11.1338
33072	 10.1131
33077	 8.1056, 10.1149, 11.1366
33079	 4.1191, 5.1463, 6.1573
33095	 7.1292, 9.1209, 11.1391, 12.1018
33099	 9.1211, 10.1159, 11.1393
33117	 12.1027
33129	 12.1029
33142	 11.1418
33146	 10.1198, 11.1423, 12.1031
33149	 5.1520, 8.1101, 9.1250
33157	 1.892, 2.991, 3.1194, 4.1232, 10.1183
33160	 11.1411
33199	 10.1228
33205	 8.1113, 10.1233
33212	 7.1374, 8.1120
33213	 8.1121, 10.1236
33217	 8.1124, 9.1284
33235	 12.1055
33242	 11.1488
33265	 10.1241, 12.1079
33273	 10.1247, 11.1503
33280	 4.1305, 5.1584, 6.1698
33281	 5.1582, 7.1388, 8.1144, 9.1297, 12.1091
33308	 9.1317
33321	 10.1255
33329	 9.1331
33331	 12.1113
33333	 7.1422, 8.1171, 9.1332, 10.1270, 12.1115
33341	 11.1527, 12.1119
33343	 11.1536, 12.1120
33345	 7.1426, 8.1179, 9.1336
33349	 11.1568, 12.1128
33350	 11.1565, 12.1125
33357	 12.1134
33362	 12.1141
33367	 10.1304, 11.1584, 12.1148
33370	 7.1464
33371	 4.1371, 5.1646, 6.1803, 7.1465
33391	 12.1152
33411	 11.1652
33414	 9.1373, 11.1626, 12.1164
33422	 12.1167
33424	 10.1330
33432	 11.1644, 12.1176
33444	 6.1845, 7.1519, 8.1244, 9.1386
33446	 12.1186
33447	 11.1659
33450	 12.1183
33453	 12.1190
33465	 9.1401
33466	 11.1684
33489	 4.1483, 5.1706, 6.1882, 8.1278
33505	 12.1223
33519	 11.1722, 12.1229
33522	 11.1729, 12.1235
33555	 10.1413
33604	 11.1781
33616	 10.1501
33633	 10.1514, 12.1320
33653	 10.1553
33659	 12.1351
33679	 11.1823
33683	 12.1368
33684	 11.1825, 12.1370
33694	 11.1829
33704	 9.1605
33710	 10.1598, 11.1849
33716	 10.1599, 11.1851, 12.1398
33717	 9.1615, 10.1601, 11.1852, 12.1399
33719	 9.1611, 10.1597, 11.1854
33724	 11.1859, 12.1408
33732	 10.1618, 11.1869, 12.1416
33737	 9.1642, 10.1622, 11.1874
33755	 12.1433
33793	 11.1936, 12.1492
33800	 10.1682, 12.1494
33803	 12.1495
33821	 9.1748, 10.1703
33850	 12.1520
33874	 12.1547
33878	 11.2005, 12.1549
33884	 12.1555
33898	 9.1820, 11.2031
33924	 10.1782, 11.2048, 12.1586
33951	 11.2073
33987	 12.1627
33988	 11.2104, 12.1628
33990	 11.1551
34023	 12.1642
34026	 10.1839, 12.1644
34068	 12.1659
34103	 9.1974, 10.1893
34104	 12.1679
34131	 12.1695
34136	 10.1906, 11.2214, 12.1700
34153	 6.2446
34162	 5.2198, 6.2449, 7.2037, 8.1772, 9.2027
34187	 10.1972
34234	 12.1807
34241	 11.2364
34243	 11.2372
34244	 8.1876, 9.2132
34249	 11.2379
34251	 7.2715, 8.1874, 9.2136
34289	 11.2446
34297	 7.2219, 8.1948, 9.2218, 10.2090
34306	 11.2451
34307	 11.2447
34317	 4.2275, 6.2785
34335	 4.2275, 6.2785
34351	 10.2121
34352	 8.1981, 9.2254, 10.2119, 11.2506
34375	 10.2142, 11.2523, 12.1880
34379	 11.2526
34386	 12.1888
34387	 10.2147
34395	 11.2526
34402	 12.1888
34403	 10.2147
34411	 6.2837, 7.2297, 8.2006, 9.2282, 10.2149, 11.2536, 12.1891
34412	 10.2151, 11.2531, 12.1892
34414	 8.2009, 9.2284
34431	 5.2480,9.2296, 11.2547
34464	 6.2869, 7.2335, 8.2029, 9.2308
34467	 11.2576, 12.1926
34473	 7.2338, 8.2035, 10.2179, 11.2583
34485	 11.2595
34517	 12.1960
34521	 11.2622
34525	 10.2206, 11.2623, 12.1964
34529	 11.2627
34530	 9.2344, 11.2625, 12.1965
34532	 10.2209
34553	 11.2646
34571	 3.2197, 5.2588
34573	 11.2670, 12.2000
34579	 11.276
34586	 10.2256
34608	 11.2694
34629	 9.2404, 12.2018
34642	 7.2443, 8.2143, 9.2420, 10.2322, 11.2724, 12.2030
34648	 11.2725, 12.2026
34653	 9.2421, 10.2331
34670	 Ί.24U, 8.2156, 9.2419, 10.2357, 12.2038
34671	 10.2358, 11.2740, 12.2039
34675	 7.2450, 8.2165, 10.2362, 11.2744
34687	 9.2428, 11.2750, 12.2045
34689	 10.2342, 11.2755
34743	 11.2785
34748	 8.2198, 10.2449, 11.2799
34749	 9.2479, 10.2450
34752	 10.2452
34760	 11.2802, 12.2073
34775	 10.2420, 11.2812
34776	 11.2822, 12.2088
34779	 9.2491, 11.2825
34785	 6.3025, 7.2481, 8.2216, 9.2488, 10.2457
34786	 12.2125
34799	 10.2488, 11.2855
34806	 13.3
34812	 10.21, 12.4, 13.5
34825	 13.19
34831	 10.10
34840	 11.33, 13.34
34873	 9.43, 11.67, 12.54
34890	 12.81
34959	 13.171
34963	 10.133, 11.186, 12.150
35020	 13.213
35034	 12.174, 13.217
35048	 13.446
35066	 11.253
35236	 12.262
35242	 7.264, 10.264, 11.362
35310	 7.309, 8.260, 9.270, 10.303
35385	 13.443
35401	 12.369
35438	 9.356, 10.409, 11.549, 12.412, 13.496
35455	 11.566, 13.509
35484	 11.611, 12.452
35487	 8.413, 11.612
35504	 12.464
35522	 10.488, 13.576
35525	 11.685, 13.577
35583	 13.614
35685	 13.663
35687	 13.669
35705	 4.612, 5.658, 6.771, 7.623, 8.556, 10.633, 13.676
35708	 13.683
35722	 11.853, 12.590, 13.681
35727	 11.859
35738	 7.634, 8.571, 10.642
35739	 12.604, 13.695
35742	 13.696
35743	 10.645, 13.698
35749	 10.650, 11.870, 12.608
35752	 12.613, 13.706
35783	 6.828, 10.669, 11.890, 12.627, 13.734
35785	 12.628
35788	 10.670, 11.896, 12.629
35791	 13.739
35810	 11.918, 13.753
35835	 11.923, 12.651, 13.763
35838	 11.959
35856	 10.722, 11.971, 12.687, 13.781
35877	 2.648, 3.759, 4.727, 5.769, 13.799
35880	 12.707, 13.801
35883	 13.805
35891	 10.749
35925	 13.882
35947	 13.847
35973	 8.706
35984	 4.809, 9.714, 10.812
36016	 12.807
36024	 13.905
36029	 12.822, 13.909
36053	 5.1033, 6.1108, 8.793, 9.887
36054	 13.923
36055	 12.832, 13.925
36066	 9.895, 11.1141
36073	 13.939
36074	 12.858, 13.947
36075	 4.877, 5.1075, 6.1142
36077	 12.850, 13.932
36078	 12.884
36079	 12.872
36080	 11.1161, 12.871, 13.949
36095	 9.913, 10.922, 11.1158, 12.843, 13.929
36113	 7.996, 8.863, 9.960, 10.967
36120	 4.935, 6.1219
36160	 13.1015
36166	 9.993, 10.1002, 11.1221, 12.931, 13.1021
36167	 13.1025
36226	 12.954
36261	 11.1265, 13.1070
36270	 11.1272, 12.964, 13.1081
36273	 13.1072
36290	 13.1085
36324	 9.1052, 10.1080, 11.1285
36334	 11.1288
36386	 13.1145
36387	 13.1146
36388	 13.1150
36411	 12.988
36432	 10.1143, 11.1348, 12.1011, 13.1200
36446	 12.1019
36457	 10.1157, cf. 4.1211, 6.1605, 9.1210
36458	 9.1211, 10.1159, 11.1393, 13.1226
36464	 12.1027, 13.1239
36480	 12.1029, 13.1248
36491	 13.1251
36503	 10.1198, 11.1423, 12.1031, 13.1258
36507	 13.1262
36569	 11.1480
36578	 13.1342
36583	 13.1339
36585	 10.1241, 12.1079, 13.1344
36591	 12.1087
36623	 9.1317, 13.1369
36630	   10.1255, 13.1378
36633	 13.1379
36643	 12.1113, 13.1384
36652	 7.1422, 8.1171, 9.1332, 10.1270, 12.1115, 13.1385
36653	 13.1387
36660	 11.1527, 12.1119, 13.1392
36662	 11.1536, 12.1120, 13.1394
36670	 11.1565, 12.1125, 13.1401
36675	 13.1406
36676	 12.1134, 13.1407
36678	 13.1411
36698	 12.1156
36705	 11.1652, 13.1453
36708	 12.1163
36711	 9.1373, 11.1626, 12.1164, 13.1456
36715	 12.1167, 13.1462
36716	 6.1839, 7.1508, 8.1238, 9.1379, 11.1629
36719	 11.1636
36723	 11.1644, 12.1176, 13.1472
36724	 13.1473
36733	 12.1183, 13.1488
36734	 12.1189
36754	 12.1203
36781	 12.1223, 13.1537
36795	 11.1729, 12.1235, 13.1553
36796	 12.1236
36833	 13.1580
36838	 9.1464, 10.1434
36842	 6.1950, 10.1450
36843	 9.1469
36897	 12.1291
36899	 10.1461, 11.1754, 12.1292
36902	 9.1485, 10.1465
36944	 9.1527
36946	 13.1641
36972	 12.744
37009	 11.1823, 13.1689
37010	 13.1690
37012	 6.2094, 7.1692, 8.1424, 9.1579, 12.1367
37014	 12.1368, 13.1693
37015	 11.1825, 12.1370, 13.1694
37027	 11.1829, 13.1702
37036	 10.1587, 11.1844, 12.1383
37053	 9.1615, 10.1601, 11.1852, 12.1399, 13.1722
37056	 11.1859, 12.1408, 13.1729
37071	 10.1618, 11.1869, 12.1416, 13.1733
37080	 11.1888, 12.1426
37097	 12.1433, 13.1752
37120	 12.1448
37153	 11.1936, 12.1492, 13.1781
37159	 13.1786
37160	 12.1495, 13.1790
37193	 13.1822
37195	 6.2263, 9.1772
37212	 4.1791, 7.1870, 9.1784, 11.1990
37214	 13.1837
37218	 8.1585
37227	 13.1840
37243	 12.1547, 13.1847
37244	  11.2005, 12.1549, 13.1850
37246	 12.1555, 13.1856
37257	 10.1748
37316	 7.1946, 9.1644, 9.1839, 10.1783, 11.2049
37318	 11.2053
37385	 12.1627, 13.1931
37387	 11.2104, 12.1628, 13.1932
37409	 10.1839, 12.1644, 13.1958
37414	 10.1840
37416	 12.1642, 13.1955
37422	 13.1962
37437	 9.1910, 11.2159
37444	 5.2145, 6.2391, 7.1992
37448	 11.2180
37451	 12.1659, 13.1995
37504	 12.1695, 13.2046
37515	 11.2215, 12.1704
37518	 8.1762
37563	 13.2093
37596	 13.2120
37652	 9.2147, 11.2384
37675	 9.2205
37678	 11.2446, 13.2193
37689	 11.2451, 13.2210
37729	 13.2239
37736	 11.2512
37747	 10.2142, 11.2523, 12.1880, 13.2256
37752	 11.2526, 13.2260
37753	 13.2261
37759	 7.2294, 11.2530
37760	 10.2147, 13.2267
37765	 8.2001, 10.2148, 11.2535, 12.1840
37767	 6.2837, 7.2297, 8.2006, 9.2282, 10.2149, 11.2536, 12.1891, 13.2270
37794	 12.1921
37803	 13.2316
37847	 13.2361
37860	 10.2206, 11.2623, 12.1964, 13.2369
37861	 13.2370
37864	 13.2372
37865	 11.2627, 13.2373
37866	 12.1966
37868	 13.2375
37873	 12.1969, 13.2378
37875	 11.2635, 13.2381
37891	 11.2646.13.2391
37892	 13.2393
37926	 13.2418
37943	 10.2299
37956	 12.2032
37983	 7.2444, 8.2156, 9.2419, 10.2357, 12.2038
37984	 10.2358, 11.2740, 12.2039, 13.2505
37988	 9.2428, 11.2750, 12.2045, 13.2521
37991	 10.2342, 11.2755, 13.2523
37992	 11.2756, 12.2047
38000	 10.2355
38011	 12.2056
38017	 11.2785, 13.2576
38018	 12.2071
38024	 13.2580
38028	 10.2452, 13.2585
38045	 12.2125, 13.2619
38047	 10.2462, 12.2129
38104	 11.33, 13.23, 14.36
38111	 14.45
38124	 12.81, 14.86
38143	 14.65
38154	 14.96
38172	 14.109
38184	 13.129
38201	 13.157, 14.145
38204	 8.108, 9.102, 11.178
38208	 14.176
38218	 14.179
38219	 1.74, 2.109, 4.115, 5.124, 7.132
38233	 9.139, 10.156, 11.225, 12.167, 14.188
38254	 14.206
38258	 11.250, 13.225
38260	 10.174
38275	 13.682, 684, 14.222
38394	 12.262, 14.346
38395	 12.260
38397	 12.263
38423	 7.309, 8.260, 9.270, 10.303, 14.412
38425	 14.425
38433	 14.461
38434	 13.436
38447	 14.477
38448	 13.443, 14.481
38471	 12.369, 14.494
38496	 12.392
38502	 14.520
38507	 9.356, 10.409, 11.549, 12.412, 13.496, 14.529
38512	 14.533
38524	 11.566, 13.509, 14.545
38534	 13.520
38563	 12.464, 14.591
38573	 10.488, 13.576
38575	 11.685, 13.577, 14.612
38579	 12.485
38584	 12.489, 13.586
38585	 9.442, 11.697
38604	 13.614, 14.657
38631	 13.637
38674	 12.572, 14.740
38687	 11.853, 12.590, 13.681, 14.775
38699	 12.604, 13.695, 14.790
38701	 10.645, 13.698, 14.794
38707	 10.650, 11.870, 12.608
38708	 12.610, 13.703
38709	 13.704
38724	 12.628, 14.833
38726	 11.893, 13.736, 14.834
38731	 10.670, 11.896, 12.629
38733	 13.739, 14.838
38739	 14.869
38748	 14.866
38766	 9.593, 10.707, 11.940
38774	 10.722, 11.971, 12.687, 13.781, 14.896
38785	 14.906
38787	 13.799
38791	 13.802
38794	 12.707, 13.801, 14.920
38810	 12.714, 13.809
38814	 11.1031
38834	 14.946
38844	 13.822, 14.959
38857	 13.847, 14.979
38877	 14.1021
38890	 13.905, 14.1057
38893	 12.822, 13.909, 14.1060
38913	 14.1097
38916	 13.939, 14.1100
38943	 14.1143
38944	 14.1179
38977	 9.993, 10.1002, 11.1221, 12.931, 13.1021, 14.1196
38979	 13.1025, 14.1197
38981	 13.1023
39039	 14.1219
39096	 14.1259
39122	 14.1287
39129	 14.1299
39138	 14.1316
39142	 13.1115
39143	 14.1308
39144	 13.1134
39171	 13.1150, 14.1343
39175	 14.1353
39176	 13.1165
39180	 12.1003
39181	 10.1133
39182	 10.1143, 11.1348, 12.1011, 13.1200, 14.1367
39211	 14.1393
39214	 6.1620, 7.1310, 8.1353, 9.1225
39250	 13.1278
39270	 14.1446
39276	 14.1452
39282	 13.1310
39294	 13.1342, 14.1468
39299	 13.1349
39306	 14.1486
39315	 13.1379
39325	 12.1113, 13.1384, 14.1503
39327	 13.1387, 14.1511
39336	 12.1123
39343	 11.1536, 12.1120, 13.1394, 14.1519
39349	 11.1568, 12.1128, 13.1400
39358	 11.1565, 12.1125, 13.1401, 14,1527
39360	 14.1528
39364	 13.1406, 14.1532
39365	 12.1134, 13.1407, 14.1533
39378	 12.1143
39410	 13.1428
39427	 12.1163, 14.1556
39440	 14.1573
39447	 13.1473, 14.1571
39465	 3.1362, 6.1857
39477	 12.1204
39504	 14.1629
39506	 13.1555
39509	 14.1633
39531	 14.1669
39581	 14.1753
39582	 13.1626
39600	 14.1759
39605	 13.1634
39606	 13.1641, 14.1772
39618	 14.1794
39619	 12.1345
39620	 10.1549
39644	 6.2094, 7.1692, 8.1424, 9.1579, 12.1367, 14.1830
39666	 11.1829, 13.1702, 14.1843
39667	 11.1828,12.-109
39711	 12.1405, 13.728
39712	 11.1859, 12.1408, 13.1729, 14.1870
39724	 11.1888, 12.1426, 14.1891
39739	 14.1923
39740	 12.1448, 14.1924
39745	 14.1929
39766	 10.1682, 12.1494, 13.1787
39767	 13.1786, 14.1959
39812	 13.1836, 14.2012
39819	 13.1840, 14.2019
39823	 14.2021
39832	 12.1547, 13.1847, 14.2031
39833	 11.2005, 12.1547, 13.1847, 14.2032
39835	 14.2036
39842	 11.2029
39885	 14.2100
39891	 12.1612
39901	 13.1933
39902	 11.2104, 12.1628, 13.1932, 14.2144
39913	 14.2151
39914	 13.1941
39918	 10.1839, 12.1644, 13.1958, 14.2162
39931	 13.1962, 14.2175
39938	 14.2180
39955	 11.2166, 12.1658
39976	 14.2223
39994	 12.1676
39996	 13.2034, 14.2238
40016	 14.2256
40037	 14.2266
40041	 13.2063
40102	 12.1798
40104	 10.2017, 11.2343
40166	 14.2409
40194	 11.2451, 13.2210, 14.2430
40195	 12.1851
40216	 9.2250, 10.2112, 11.2495
40217	 11.2493
40218	 14.2470
40219	 13.2231
40230	 13.2239, 14.2475
40244	 14.2493
40245	 13.2258
40246	 13.2259
40248	 11.2526, 13.2260, 14.2498
40249	 13.2261, 14.2499
40260	 6.2837, 7.2297, 8.2006, ÍÓ.2149, 11.2536, 12.1891, 13.2270, 14.2512
40263	 10.2151, 11.2531, 12.1892, 13.2271
40295	 14.2542
40297	 13.2316, 14.2546
40299	 12.1924
40333	 14.2574
40353	 13.2361
40357	 10.2206, 11.2623, 12.1964, 13.2369, 14.2594
40358	 13.2370, 14.2595
40362	 13.2375, 14.2602
40364	 14.2609
40396	 10.2242, 11.2662, 12.1995, 13.2404
40431	 14.2690
40459	 12.2056, 14.2743
40462	 10.2399, 12.2065
40470	 11.2785, 13.2576, 14.2755
40471	 12.2071, 14.2756
40472	 14.2758
40482	 12.2074
40485	 10.2406
40496	 13.2611
40502	 14.2799
40504	 10.2488,11.2855, 13.2632
40544	 14.45, 15.34
40549	 14.51
40555	 13.63
40556	 14.61
40560	 15.50
40620	 14.176, 15.122
40627	 14.161
40628	 14.162
40629	 15.125
40636	 9.128, 10.141, 11.212
40651	 15.148
40721	 13.682, 684, 14.222, 15.176
40835	 12.280
40842	 15.294
40857	 14.425, 15.304
40862	 14.432
40890	 13.443, 14.481, 15.329
40924	 15.358
40940	 14.519
40941	 14.520, 15.375
40982	 12.464, 14.591, 15.432
41003	 12.489, 13.586, 15.453
41021	 13.614, 14.657, 15.466
41048	 12.548
41056	 15.512
41072	 14.745, 15.522
41077	 12.572, 14.740, 15.526
41086	 4.612, 5.658, 6.771, 7.623, 8.556, 10.633, 13.676, 14.758, 15.532
41102	 14.785
41115	 6.789, 7.635, 10.648, 13.699, 14.800, 15.559
41116	 12.610, 13.703, 15.561
41118	 12.613, 13.706, 14.804
41123	 15.566
41126	 15.567
41141	 14.828
41146	 12.628, 14.833, 15.572
41165	 11.918, 13.753, 14.856
41166	 14.858
41167	 13.754
41169	 14.866, 15.592
41171	 14.869
41184	 9.593, 10.707, 11.940, 15.604
41202	 10.722, 11.971, 12.687, 13.781, 14.896, 15.610
41215	 15.615
41236	 12.707, 13.801, 14.920, 15.623
41240	 11.1000, 13.803
41243	 14.922
41273	 14.947
41288	 13.822, 14.959, 15.666
41292	 14.963
41295	 14.968
41298	 13.837
41310	 8.706, 14.1006
41350	 13.905, 14.1057, 15.704
41353	 12.822, 13.909, 14.1060, 15.707
41379	 12.858, 13.947, 14.1101
41380	 13.951
41419	 14.1179, 15.754
41423	 14.1142
41436	 13.1005
41454	 13.1009
41457	 15.775
41465	 9.993, 10.1002, 11.1221, 12.931, 13.1021, 14.1196
41466	 15.792
41468	 12.949
41478	 8.923, 15.803
41498	 14.1219, 15.826
41548	 15.843
41563	 14.1240
41579	 14.1259, 15.855
41657	 14.1299, 15.874
41658	 15.903
41694	 14.1353, 15.910
41698	 12.1003, 15.914
41770	 15.943
41772	 14.1393, 15.939
41799	 13.1278, 15.969
41814	 15.983
41848	 10.1241, 12.1079, 13.1344, 14.1472
41858	 13.1323
41864	 15.1003
41886	 13.1349, 15.1004
41916	 13.1364
41924	 13.1379, 15.1016
41933	 12.1113, 13.1384, 14.1503, 15.1020
41934	 15.1035
41946	 11.1536, 12.1120, 13.1394, 14.1519, 15.1037
41949	 11.1568, 12.1128, 13.1400, 15.1043
41950	 12.1134, 13.1407, 14.1533, 15.1057
41965	 10.1304, 11.1584, 12.1148, 13.1417
41979	 14.1546
41984	 14.1553
41992	 15.1110
41994	 12.1167, 13.1462, 14.1562, 15.1130
42022	 14.1016
42035	 14.1610
42064	 14.1629, 15.1169
42100	 9.1448, 10.1418
42109	 14.1731
42110	 12.1263
42124	 13.1588
42172	 15.1243
42210	 12.1351, 13.1671, 15.1275
42235	 13.1688
42236	 13.1690, 14.1829, 15.1284
42242	 9.1588, 12.1376
42250	 11.1829, 13.1702, 14.1843
42259	 15.1341
42263	 14.1864
42271	 12.1405, 13.1728, 15.1344
42272	 11.1859, 12.1408, 13.1729, 14.1870, 15.1345
42277	 15.1347
42280	 11.1865, 15.1350
42281	 10.1618, 11.1869, 12.1416, 13.1733, 14.1882
42287	 11.1888, 12.1426, 14.1891, 15.1357
42319	 14.1906
42325	 15.1374
42334	 14.1928
42354	 10.1682, 12.1494, 13.1787, 15.1388
42355	 13.1786, 14.1959, 15.1389
42388	 13.1822, 14.1992
42393	 12.1527
42403	 13.1836, 14.2012, 15.1424
42419	 13.1840, 14.2019, 15.1428
42429	 12.1547, 13.1847, 14.2031, 15.1439
42430	 11.2005, 12.1547, 13.1847, 14.2032, 15.1440
42439	 14.2036, 15.1442
42448	 13.1864
42491	 14.2100, 15.1471
42499	 13.1924, 15.1481
42507	 12.1727, 13.1931, 14.2143
42508	 13.1933, 15.1486
42509	 13.1935, 15.1488
42514	 14.2151, 15.1495
42523	 15.1501
42524	 13.1950
42530	 12.1642, 13.1955, 14.2169
42537	 13.1962, 14.2175, 15.1508
42539	 15.1515
42540	 8.1683, 11.2152
42583	 12.1659, 13.1995, 14.2206
42614	 13.2034, 14.2238, 15.1559
42615	 15.1560
42632	 12.1695, 13.2046, 14.2255, 15.1576
42643	 11.2215, 12.1704, 14.2265, 15.1588
42647	 13.2063, 15.1599
42654	 15.1603
42672	 14.2311
42674	 13.2097
42688	 14.2329
42699	 13.2120, 14.2340
42866	 15.1789
42868	 13.2261, 14.2499, 15.1791
42874	 13.2269, 15.1801
42882	 7.2319, 8.2020, 9.2298, 12.1906, 15.1819
42896	 15.1836
42898	 15.1834
42899	 14.2542, 15.1837
42939	 14.2574, 15.1870
42944	 15.1887
42957	 13.2370, 14.2595, 15.1893
42958	 13.2372
42960	 11.2627, 13.2373, 14.2599
42962	 13.2375, 14.2602, 15.1898
42969	 14.2609, 15.1900
42986	 14.2624, 15.1923
43000	 11.2670, 12.2000, 13.2411
43020	 14.2675
43028	 15.1963
43048	 10.2342, 11.2755, 13.2523, 14.2726
43049	 11.2756, 12.2047, 14.2727
43083	 12.2074, 15.2007
43091	 12.2071
43092	 14.2757
43100	 9.2491, 11.2825
43103	 14.2799, 15.2027
43129	 16.4
43176	 14.51, 16.38
43179	 15.46
43190	 14.77
43221	 10.85, 11.118
43238	 13.129, 15.100, 16.79
43265	 16.102
43277	 13.176, 15.122, 16.107
43298	 15.141
43310	 15.148, 16.133
43312	 16.134
43341	 16.145
43390	 14.238, cf. 13.254, 14.237
43499	 12.263, 15.283
43509	 16.271
43540	 15.297
43567	 14.432, 16.303
43586	 13.432
43598	 13.443, 14.481, 15.329, 16.331
43619	 15.338
43644	 13.474
43656	 14.520, 15.375, 16.376
43660	 14.533, 15.387
43696	 15.415
43699	 10.454, 12.451
43728	 10.488, 13.576, 15.443
43825	 15.512
43838	 16.492
43839	 15.524
43843	 13.669, 14.741, 15.527, 16.502
43852	 16.505
43860	 15.537
43877	 16.523
43893	 13.704, 15.562
43907	 15.567, 16.545
43908	 16.572
43926	 12.628, 14.833, 15.572, 16.561
43928	 15.575
43949	 14.858, 16.575
43954	 14.869, 15.583, 16.580
43984	 10.722, 11.971, 12.687, 13.781, 14.896, 15.610, 16.603
44009	 12.707, 13.801, 14.920, 15.623, 16.627
44038	 14.947, 16.655
44064	 5.921, 6.1024, 7.835
44108	 15.708
44142	 16.750
44183	 16.786
44241	 12.935, 13.1022
44242	 13.1025, 14.1197, 15.791
44282	 8.923, 15.803, 16.844
44305	 14.1219, 15.826, 16.852
44365	 16.893
44380	 13.1072, 14.1242
44384	 15.858
44404	 14.1283
44534	 16.1012
44542	 14.1369
44610	 16.1055
44611	 14.1433, 15.972
44612	 16.1056
44655	 16.1076
44678	 16.1079
44712	 13.1339, 14.1470
44739	 15.1013
44743	 16.2038
44746	 9.1317, 13.1369, 14.1493
44767	 15.1035, 16.1129
44773	 16.1133
44793	 16.1144
44802	 16.1147
44803	 12.1141, 13.1412
44835	 12.1156, 14.1550
44865	 14.1016, 16.1199
44904	 16.1229
44911	 14.1629, 15.1169, 16.1238
44914	 14.1633, 15.1174
44962	 16.1258
44966	 16.1290
44975	 14.1669, 15.1193
45005	 14.1672
45061	 16.1341
45064	 15.1250
45065	 15.1243, 16.1338
45086	 15.1271
45087	 16.1361
45135	 13.1690, 14.1829, 15.1284, 16.1395
45137	 12.1371
45156	 9.1611, 10.1597, 11.1854, 13.1724
45157	 16.1416
45160	 14.1864, 16.1419
45161	 16.1420
45166	 11.1859, 12.1408, 13.1729, 14.1870, 15.1345, 16.1428
45167	 15.1347, 16.1433
45169	 16.1434
45171	 16.1422
45174	 16.1435
45175	 11.1865, 15.1350, 16.1436
45180	 11.1888, 12.1426, 14.1891, 15.1357, 16.1442
45182	 16.1444
45213	 14.1906
45218	 15.1374, 16.1479
45273	 16.1498
45316	 4.1791, 7.1870, 9.1784, 11.1990, 14.2010
45340	 16.1565
45345	 14.2023
45347	 12.1554
45353	 14.2038
45370	 16.1583
45396	 16.1593
45419	 15.1472
45426	 13.1924, 15.1481, 16.1621
45431	 12.1727, 13.1931, 14.2143, 16.1627
45440	 14.2151, 15.1495, 16.1631
45446	 13.1941, 15.1496
45518	 12.1668, 13.2009
45521	 12.1678
45543	 12.1695, 13.2046, 14.2255, 15.1576, 16.1739
45567	 15.1603, 16.1759
45595	 14.2311, 16.1774
45623	 13.2120, 14.2340, 16.1803
45646	 15.1664
45657	 11.2379, 13.2153
45703	 14.2409, 15.1717
45711	 3.2036, 5.2382, 6.2770, 11.2449
45734	 14.2470, .15.1763
45763	 14.2503
45766	 14.2514
45768	 13.2269, 15.1801, 16.1972
45790	 15.1836, 16.1993
45791	 14.2542, 15.1837, 16.1996
45795	 15.1843
45800	 14.2550
45807	 15.1840
45815	 10.2189, 11.2593
45836	 15.1887, 16.2036
45837	 14.2587
45848	 13.2370, 14.2595, 15.1893, 16.2047
45849	 10.2206, 11.2623, 12.1964, 13.2369, 14.2594, 15.1892
45852	 12.1966, 14.2600
45854	 13.2375, 14.2602, 15.1897, 16.2052
45861	 15.1896
45867	 16.2041
45868	 16.2057
45919	 5.2590, 7.2410
45923	 11.2670, 12.2000, 13.2411, 16.2088
45927	 11.2676, 13.2417
45938	 16.2094
45962	 16.2111
45974	 13.2465
45978	 7.2443, 8.2143, 9.2420, 10.2322, 11.2724, 12.2030, 13.2476
45980	 15.1963, 16.2113
46005	 14.2716
46045	 16.2147
46075	 12.2071, 14.2756, 15.1997, 16.2177
46076	 14.1757, 16.2178
46098	 14.2798
46186	 14.109, 15.91, 17.101
46210	 16.98
46212	 9.95, 10.125, 16.99
46216	 10.130
46466	 16.280
46581	 15.414
46868	 12.739
47282	    17.1150
47289	 16.1050
47356	 17.1248
47384	 14.1528, 15, 1054
47551	 17.1502
47630	 11.1825, 12.1370, 13.1694, 14.1832
48501	 10.2151, 11.2531, 12.1892*, 13.2271, 15.1805
48603	 11.2670, 12.2000, 13.2411, 16.2088, 17.2261
48891	 14.238, cf.13.254, 14.237, 17.222
50135	 17.1306
50543	 13.1836, 1837, 14.2012, 15.1424, 16.1544, 18.1339
51419	 19.3
51420	 19.2
51433	 11.33, 13.23, 14.36, 15.29, 18.23
51449	 15.46, 17.56
51450	 14.65, 15.54
51472	 19.22
51546	 19.72
51623	 18.155, 19.100
51714	 12.262, 14.346, 15.280
51767	 14.432, 16.303, 17.388,18.323,19.226
51773	 19.229
51774	 19.232
51840	 18.371
51890	 15.415, 17.508, 18.408
51978	 18.457
52008	 16.492, 17.623, 18.493, 19.456
52011	 19.465
52017	 19.471
52044	 14.785, 16.524
52048	 18.541
52064	 ÌΊ.6ΊI, 19.518
52065	 19.520
52100	 15.575, 17.701, 18.561, 19.535
52135	 14.858, 16.575, 17.718, 19.550
52154	 19.566
52158	 10.722, 11.971, 12.687, 13.781, 14.896, 15.610, 16.603, 17.747
52166	 19.576
52203	 18.599, 19.595
52230	 17.794, 18.622, 19.607
52244	 19.608
52258	 18.633, 19.616
52272	 18.653,19.627
52328	 18.683
52381	 19.684
52382	 18.763, 19.704
52464	 14.1219, 15.826, 16.852, 17.984, 18.836
52486	 17.996, 18.848, 19.746
52500	 16.886, 17.1001
52523	 14.1248
52572	 14.1308, 15.885
52646	 19.818
52696	 17.1128
52711	 19.888
52723	 19.892
52837	 14.1486, 15.1010
52838	 15.1013, 17.1230
52844	 18.964
52902	 13.1387, 14.1511, 15.1022
52903	 15.1035, 16.1129, 17.1253, 18.968
52905	 17.1256, 18.971, 19.981
52906	 17.1260, 18.973, 19.982
52925	 16.1144, 17.1276, 18.990, 19.998
52948	 15.1110, 16.1176
52949	 16.1177, 18.1013,19.1027
52951	 15.1112
52952	 17.1311
52953	 11.1633
52955	 12.1167, 13.1462, 14.1562, 15.1130, 16.1178
52956	 10.1330, 13.1464
52990	 17.1343
53002	 15.1161, 16.1216, 18.1047, 19.1053
53014	 18.1050
53069	 16.1359
53129	 lì.1823, 13.1689, 14.1828
53130	 12.1368, 13.1693, 14.1831
53135	 18.1178, 19.1210
53163	 15.1341, 16.1415
53173	 15.1347, 16.1433, 17.1594,18.1207
53174	 16.1434, 18.1208
53182	 18.1210
53198	 17.1611, 19.1244
53224	 16.1476, 17.1643, 18.1265
53238	 17.1656, 19.1286
53245	 13.1770
53265	 16.1508
53303	 13.1817
53363	 15.1435, 16.1563
53364	 19.1352
53479	 15.1472, 17.1809, 18.1422, 19.1407
53497	 13.1924, 15.1481, 16.1621, 17.1814, 18.1431
53507	 13.1933, 15.1486, 16.1628
53518	 17.1821, 18.1440, 19.1443
53594	 19.1474
53607	 17.1859
53633	 18.1509, 19.1491
53682	 15.1603, 16.1759, 17.1937, 18.1548, 19.1540
53688	 18.1555,19.1543
53701	 19.1558
53703	 18.1267
53723	 19.1583
53777	 18.1720, 19.1651
53786	 16.1842
53842	 19.1707
53895	 18.1888
53921	 18.1916, 19.1798
53926	 14.2503, 17.2121, 18.1920, 19.1802
53932	 19.1806
53933	 17.2124, 18.1925, 19.1805
53934	 18.1929
53955	 18.1941, 19.1822
53968	 11.2576, 12.1926, 13.2321, 14.2551, 15.1844, 18.1953
53970	 18.1954
53971	 18.1960
53994	 19.1844
54020	  8.2063, 19.1867
54023	 19.1878
54088	 17.2246
54102	 11.2670, 12.2000, 13.2411, 16.2088, 17.2261, 18.2014
54107	 18.2020, 19.1950
54118	 18.2036
54140	 19.1972
54141	 18.2047
54175	 16.2146, 18.2065, 19.2028
54180	 19.2051
54217	 10.2494
54232	 19.3,20.1
54260	 14.45,15.34
54274	 12.81, 14.86, 15.62
54275	 19.22, 20.48
54301	 20.73-75
54340	 20.97
54349	 20.104
54355	 19.69
54388	 20.129
54407	 19.95
54703	 19.358
54736	 20.423
54749	 20.440
54757	 19.413
54832	 19.471,20.528
54842	 20.537
54852	 16.523, 17.660
54861	 14.784
54863	 12.604, 13.695, 14.790, 15.552
54974	 19.566, 20.627
54975	 17.749, 18.582, 19.570
54987	 20.639
55013	 20.677
55085	 20.758
55086	 20.759
55087	 19.651
55102	 20.771
55136	 19.684, 20.798
55137	 20.802
55215	 17.999
55248	 20.894
55249	 18.864, 19.757
55298	 19.819
55299	 19.820
55355	 20.1024
55359	 17.1021
55394	 17.1156
55399	 20.1038
55535	 16.2038, 17.1239, 18.959, 19.971
55591	 18.964, 20.1119
55606	 17.1260, 18.973, 19.982, 20.1150
55607	 17.1256, 18.971, 19.981, 20.1149
55621	 20.1160
55623	 16.1144, 17.1276,18.990,19.998,20.1164
55633	 18.989, 19.1002
55651	 16.1177, 18.1013, 19.1027, 20.1176
55659	 18.1010, 19.1029
55665	 17.1325
55689	 20.1205
55743	 20.1229
55817	 19.1134
55852	 19.1192,20.1274
55868	 20.1293
55870	 20.1290
55872	 20.1292
55940	 20.1336
55981	 20.1368
56020	 19.1319
56065	 20.1457
56085	 16.1583, 17.1774, 19.1366,20.1467
56095	 20.1477
56105	 19.1383
56116	 16.1593, 17.1793, 18.1422, 19.1388
56152	 15.1472, 17.1809, 18.1422, 19.1407,20.1511
56153	 20.1510
56178	 15.1486, 16.1628, 20.1533
56190	 17.1821, 18.1440, 19.1443, 20.1540
56197	 18.1452
56198	 20.1546
56220	 20.1542
56243	 20.1591
56280	 18.1509,19.1491,20.1619
56327	 18.1555,19.1543, 20.1665
56338	 19.1558, 20.1676
56349	 19.1566
56368	 20.1700
56376	 19.1615
56407	 20.1764
56426	 19.1707,20.1801
56431	 19.1726
56473	 18.1916
56488	 19.1806, 20.1880
56494	 18.1929,20.1882
56528	 18.1960, 20.1909
56539	 20.1914
56551	 18.1996, 19.1889
56646	 18.2012
56659	 18.2020, 19.1950, 20.2014
56684	 20.2028
56772	 17.2371, 19.2034
56785	 18.2088
56786	 19.2051, 20.2085
56805	 20.2098
56883	 19.22, 20.48, 21.37
57002	 20.97.,21.102
57048	 21.117
57063	 19.80
57087	 21.133
57088	 20.123
57106	 20.158
57114	 21.148
57129	 160
57133	 21.161
57176	 21.182
57337	 21.292
57384	 19.211, 20.278
57454	 21.330
57457	 20.293
57461	 14.432,16.303,17.388,18.323,19.226,20.294
57530	 20.331
57565	 21.392
57594	 21.403
57623	 14.533,15.387,17.473,19.346
57689	 18.407
57691	 20.407
57863	 20.503
57893	 19.436,21.494
57976	 20.508
58008	 21.525
58018	 20.527,21.530
58061	 21.546
58067	 19.2013
58091	 21.549
58148	 21.597
58197	 21.629
58216	 19.566, 20.627,21.637
58249	 20.639, 21.646
58285	 21.652
58398	 21.678
58462	 15.708
58498	 21.707
58499	 19.651,21.710
58550	 21.735
58655	 19.684, 20.798, 21.750
58859	 14.1220
59066	 17.1114, 19.857
59094	 20.1038, 21.918
59095	 21.919
59097	 21.920
59100	 17.1159
59400	 21.1030
59404	 21.1035
59408	 14.2799
59533	 21.1062
59553	 19.1070
59649	 16.1332,18.1123
59673	 21.1162
59767	 17.1558, 19.1193
59819	 20.1293, 21.1195
59828	 18.1178, 19.1210,20.1294
59856	 21.1240
59896	 20.1314
59898	 14.1863
59906	 16.1420,17.1588
59952	 17.1612, 18.1224, 19.1254
60036	 20.1368, 21.1294
60037	 21.1295
60104	 19.1319,21.1329
60195	 21.1347
60256	 20.1457, 21.1354
60277	 21.1373
60398	 20.1506
60491	 21.1420
60529	 20.1541
60577	 21.1441
60586	 20.1590
60595	 19.1474, 20.1596
60676	 18.1509,19.1491,20.1619,21.1482
60726	 21.1503
60931	 18.1267, 20.1677
61045	 20.1687
61259	 21.1593
61395	 18.1916, 19.1798, 20.1871
61538	 18.1996,19.1889,21.1697
61596	 10.2206, 11.2623, 12.1964, 13.2369, 13.2370, 14.2594, 14.2595,15.1892,15.1893,16.2047,17.2197,17.2198
61617	 17.2220
61639	 16.2068
61683	 5.2590,7.2410
61698	 21.1786
61797	 21.1806
61809	 20.2029
61842	 19.1974
61851	 17.180
61988	 21.1884
62038	 18.2092
62039	 18.2088, 21.1903
62104	 23.169
62115	 23.36
62248	 21.117, 23.198
62267	 23.220
62282	 21.131, 23.229
62285	 23.343
62291	 20.129,21.140, 23.247
62295	 17.195
62308	 23.270
62323	 21.166
62341	 23.308
62481	 20.262, 21.294
62488	 21.292, 23.462
62586	 23.536
62663	 18.346
62707	 23.621
62739	 23.645
62758	 21.403
62764	 20.380
62798	 19.340
62895	 23.875
62908	 23.876
62919	 20.466,21.400, 23.887
63036	 23.1041
63039	 21.527
63043	 20.527, 21.530, 23.1052
63046	 20.529
63050	 21.529, 23.1055
63059	 23.1080
63064	 18.524
63094	 23.1098
63095	 23.1136
63100	 23.1140
63104	 21.574, 23.1142
63118	 23.1159
63131	 23.1171
63132	 23.1172
63143	 21.629, 23.1184
63150	 21.633
63214	 23.1232
63266	 18.633, 19.616, 20.698,21.666
63267	 23.1291
63298	 21.688
63331	 21.707, 23.1403
63332	 19.651, 21.710, 23.1404
63390	 18.753
63495	 18.847
63505	 20.860
63510	 17.996, 23.1686
63554	 20.896
63568	 23.2112
63633	 23.2151
63650	 23.1798
63680	 23.1814
63681	 21.920, 23.1808
63693	 21.928
63783	 23.1850
63814	 23.1872
63851	 16.2038, 17.1239, 18.959, 19.971,21.974
63899	 17.1260, 18.973, 19.982, 20.1150,21.1008,23.1936
63902	 18.989.19.1002, 21.1023
63903	 16.1144, 17.1276, 18.990, 19.998,20.1164,21.1018
63904	 23.1942
63909	 23.1949
63910	 16.1149
63911	 23.1963
63919	 23.1957
63978	 11.1644, 12.1176, 13.1472, 14.1570, 18.1005
63983	 23.1991
64028	 21.1048
64029	 23.2008
64054	 20.1205, 21.1053, 23.2034
64074	 23.2080
64087	 23.2090
64148	 23.2112
64220	 23.2182
64225	 23.2172
64260	 23.2190
64280	 17.1560, 18.1159
64282	 23.2241
64288	 17.1558, 19.1193
64318	 20.1293, 21.1195
64324	 23.2288
64333	 18.1178, 19.1210, 20.1294, 23.2289
64335	 20.1290, 21.1197
64363	 20.1307
64372	 23.2340
64384	 23.2362
64438	 20.1368, 21.1294, 23.2456
64457	 19.1319, 21.1329, 23.2509
64541	 21.1347, 23.2578
64570	 20.1457, 21.1354, 23.2623
64605	 20.1477, 21.1374, 23.2634
64640	 23.2683
64649	 23.2697
64667	 23.2732
64712	 23.2779
64731	 17.1828, 18.1444, 19.1453
64762	 23.2838
64765	 21.1441, 23.2843
64816	 19.1480
64825	 19.1483
64886	 21.1503, 23.2956
64960	 23.3033
64963	 18.1555,19.1543, 20.1665, 21.1521
65069	 17.2035
65071	 23.3385
65125	 14.2409, 15.1717, 17.2063
65133	 23.3449
65134	 23.3448
65163	 21.1637
65216	 23.3567
65226	 23.3586
65237	 18.1960, 20.1909, 21.1681
65238	 23.3598
65252	 18.1996, 19.1889, 21.1697, 23.3612
65287	 23.3636
65294	 12.1969, 13.2378, 14.2608
65297	 16.2057, 17.2212, 18.1997, 19.1892
65320	 21.1759
65330	 23.3701
65332	 23.3704
65333	 17.2235
65351	 19.1951,23.3736
65353	 21.1786, 23.3739
65363	 23.3750
65405	 20.2029, 23.3842
65406	 21.1808
65419	 21.1806, 23.3830
65441	 7.2443, 8.2143, 9.2420, 10.2322, 11.2724, 12.2030, 13.2476, 17.2314, 18.2057
65444	 21.1837
65445	 19.1974, 23.3875
65446	 20.2046
65454	 21.1859, 23.3941
65473	 23.3921
65494	 20.2098,21.1922
65503	 23.3982
65513	 21.1884, 23.4014
65581	 19.2, 20.2
65712	 23.219
65713	 23.220, 24.172
65716	 24.176
65718	 24.178
65725	 23.343, 24.184
65738	 23.254
65756	 23
65764	 20.97., 21.102, 23.166
65794	 23.198
65806	 23.308, 24.230
65808	 24.231
65933	 24.339
65941	 24.439
66099	 21.329, 24.496
66102	 20.293, 23.561
66126	 24.497
66170	 24.563
66171	 23.621, 24.568
66208	 21.403, 24.617
66236	 21.418
66265	 24.700
66280	 23.796
66351	 23.896
66369	 24.815
66407	 23.1031
66408	 24.859
66416	 23.1041, 24.867
66419	 13.663, 23.1049
66432	 24.885
66448	 24.908
66460	 21.550
66465	 24.914
66515	 23.1171
66534	 19.566, 20.627, 21.637, 23.1198
66564	 23.1232, 24.1018
66579	 23.1266
66598	 23.1291, 24.1059
66599	 23.1294
66600	 24.1054
66640	 24.1090
66668	 21.707, 23.1403, 24.1112
66669	 23.1449
66718	 24.1162
66790	 24.1199
66796	 24.1212
66861	 23.1666
66947	 24.1409
66948	 21.839
67023	 24.1384
67051	 23.1868
67052	 23.1853
67056	 23.1872, 24.1470
67119	 24.1516
67151	 24.1500
67179	 23.1933
67184	 24.1552
67196	 23.1961
67211	 23.1988
67247	 20.1205, 21.1053, 23.2034, 24.1649
67260	 24.1663
67312	 23.2105
67352	 24.1713
67355	 24.1726
67413	 23.2172, 24.1778
67434	 23.2190
67449	 23.2246
67450	 24.1816
67476	 23.2278
67499	 23.2340, 24.1893
67544	 20.1368, 21.1294, 23.2456, 24.1947
67561	 24.1963
67653	 24.2074
67712	 23.2697, 24.2106
67715	 23.2732,24.2118
67743	 20.1543
67745	 21.1420, 23.2778
67748	 24.2159
67770	 24.2176
67795	 21.1441, 23.2843,24.2187
67804	 20.1590, 23.2851
67807	 21.1460
67864	 24.2280
67870	 21.1503, 23.2956, 24.2283
67899	 23.3037
67950	 23.3125
68021	 23.3385
68071	 24.2499
68104	 18.1916, 21.1641
68115	 23.3536
68116	 18.1929, 20.1882, 21.1657
68160	 23.3598
68192	 23.3644
68194	 23.3645
68198	 23.3636, 24.2616
68205	 24.2620
68206	 23.3666
68232	 23.3701,24.2653
68292	 23.3741
68313	 24.2812
68339	 24.2723
68415	 21.1837
68429	 23.3934
68439	 23.3921, 24.2794
68440	 24.2789
68458	 24.2743
68480	 24.2827
68490	 23.3994
68491	 24.2810
68541	 24.2847
68556	 24.2858
68814	 23.250
68815	 23.252
68838	 23.270, 24.203, 25.146
68869	 25.159
69049	 24.327
69075	 25.281
69085	 24.339, 25.289
69132	 17.328
69133	 14.353
69136	 23.466
69175	 25.358
69179	 24.382
69180	 21.303
69270	 23.493
69426	 25.501
69438	 21.373
69586	 24.699
69591	 23.786
69720	 25.653
69793	 24.820
69872	 25.712
69898	 25.727
69901	 25.731
69924	 24.908, 25.744
69993	 23.1159
70031	 25.806
70070	 25.833
70103	 24.1042
70128	 25.844
70130	 24.1054, 25.847
70209	 25.891
70292	 25.925
70306	 24.1126
70311	 21.707, 23.1403, 24.1112,25.903
70368	 23.1530
70403	 25.998
70532	 25.1071
70730	 24.1465
70764	 23.1865
70776	 23.1872, 24.1470, 25.1160
70806	 23.1891
70854	 25.1222
70857	 24.1500, 25.1231
70898	 23.1933, 25.1248
70909	 25.1251
70936	 25.1264
70962	 24.1597, 25.1275
70968	 25.1279
70975	 25.1281
71011	 23.2015
71025	 24.1647
71172	 24.1396
71257	 20.1270, 23.2238
71262	 25.1450
71267	 24.1816, 25.1449
71278	 24.1868
71287	 25.1475
71328	 23.2340, 24.1893,25.1492
71335	 24.1898
71457	 23.2501
71502	 24.2026
71647	 23.2648
71692	 23.2697, 24.2106, 25.1646
71815	 25.1701
71884	 25.1712
71957	 23.2927
72402	 25.1935
72407	 21.1637, 24.2511
72483	 25.1989
72503	 23.3586, 24.2565
72516	 18.1996, 19.1889, 21.1697, 23.3612, 24.2586
72535	 23.3618
72560	 16.2057, 17.2212, 18.1997, 19.1892, 24.2625
72561	 23.3645, 25.2015
72751	 24.2787
72753	 24.2789, 25.2248
72791	 21.1850
72812	 24.2736
72816	 24.2781
72863	 25.2331
72887	 21.1909
72894	 24.2849
72901	 24.2858, 25.2357
72923	 23.3989
72953	 23.3962
