35236	29359
32232	23005
22461	16858
27285	20779
35785	29755
27280	12442
11547	6184
4020	2153
23440	17664
11549	8742
13739	10490
23445	20036
69426	66175
40721	32412
40721	35100
40721	38275
16349	7693
55298	49820
26576	23152
10897	8191
7512	2969
3999	550
3999	2132
32528	23332
32528	29798
19154	1596
19154	5592
19154	10779
48891	35120
48891	31922
48891	35119
48891	43390
39327	33336
39327	36653
39667	27844
32657	23480
32657	26912
25067	18722
43877	41101
32658	23481
32658	26913
32658	29920
42242	21290
42242	30718
35438	19616
35438	22963
35438	26326
35438	29522
35438	32188
12707	6968
12707	9749
12103	6614
30748	18323
30748	21326
30748	24538
30748	27871
13603	5269
13603	7716
13603	10401
23847	20536
23844	20544
27373	20876
27373	24020
58398	55045
27281	23939
3773	1940
17656	11798
17656	14946
21102	15779
11544	3967
11544	8739
25286	18953
40357	25305
40357	28731
40357	31406
40357	34525
40357	37860
19973	6326
19973	11730
19973	14877
51840	46552
16709	8057
16709	10726
16709	13990
16708	10725
38979	32810
38979	36167
17382	6193
17382	8763
17382	11568
25446	16742
25446	19040
25446	22268
16258	10247
25112	16393
25112	18752
43984	23352
43984	26778
43984	29821
43984	32542
43984	35856
43984	38774
43984	41202
69085	62455
69085	65933
43699	23017
43699	29563
40353	34516
28844	16742
28844	19040
28844	22268
28844	25446
31673	16858
31673	22461
31673	25761
12016	9224
2109	530
72483	68161
8206	1679
8206	3430
8206	5681
11768	8957
43509	40829
35788	23285
35788	26695
35788	29756
7880	5380
52464	36217
52464	39039
52464	41498
52464	44305
52464	47135
22980	17206
22980	19635
46005	37981
63143	54958
63143	None
20745	17866
17032	14371
40217	28583
52646	49819
17038	14377
17039	8351
17039	11055
9251	6554
52486	44318
52486	47148
52486	49688
38434	32119
38433	35362
7861	5370
64054	52997
64054	55689
64054	None
22901	17101
72894	65530
22904	14450
22904	19561
21613	16217
16819	1596
16819	5592
16819	10779
42632	31113
42632	34131
42632	37504
42632	40015
26042	19420
26042	22693
65806	None
65806	62341
4819	1078
4819	2777
16814	5585
36446	30238
42491	37337
42491	39885
11617	8796
69175	66014
11611	566
9418	4389
69179	62503
45440	37396
45440	39913
45440	42514
54023	51208
53607	45484
10416	5285
10416	7739
55299	49821
10145	1172
10145	5031
10145	7402
54020	18959
54020	51195
10410	7724
20528	9372
20528	12201
20528	15275
20528	17783
10148	5030
44241	30086
44241	32807
45849	25305
45849	28731
45849	31406
45849	34525
45849	37860
45849	40357
46868	29879
17729	4319
17729	9306
17729	15187
63118	None
9631	6857
40982	29577
40982	35504
40982	38563
9321	6629
9326	4331
9326	6636
9327	6637
9637	6859
16925	10954
16925	14250
38502	35429
33071	12430
33071	15440
33071	17877
33071	20783
33071	23923
33071	27271
16921	10949
33077	17899
33077	23945
33077	27299
37009	27839
37009	33679
18855	16504
18855	18856
33079	6789
33079	9570
33079	12449
45316	7405
45316	16095
45316	21516
45316	28031
45316	37212
6207	550
6207	2132
6207	3999
66432	63053
36842	12898
36842	24343
36843	21156
42124	33562
36024	32679
24716	21537
41169	35820
41169	38748
70854	67142
41698	30218
41698	39180
71287	67477
22267	16743
22267	19053
33212	15559
33212	17973
33213	17974
33213	24056
15714	9779
15714	12760
41165	26719
41165	32506
41165	35810
15860	12991
41167	32507
41166	35812
32526	23330
32526	26742
10160	7418
70806	None
9749	6968
58216	49418
58216	52154
58216	54974
21434	16007
21434	18392
39745	37124
53198	45184
53198	50426
10095	7366
30416	27530
1629	36
64324	None
33679	27839
59856	55912
37318	28103
45064	39596
45065	39589
45065	42172
8834	6270
13056	10008
8830	6266
8832	606
8832	2203
8832	4061
33850	30876
30329	24071
30329	27452
33505	30535
54175	43061
54175	48659
54175	51370
40364	37874
31768	1679
31768	3430
31768	5681
31768	8206
31768	10914
31768	25883
68116	48502
68116	53934
68116	56494
40362	34531
40362	37868
71884	67808
70936	67199
14711	535
14711	2115
14711	3966
14711	8738
14712	3967
14712	8739
14712	11544
14713	6184
14713	11547
14714	3968
14714	6185
14714	8741
14714	11548
14715	8742
14715	11549
17829	15342
14241	10945
15660	6970
15660	9753
15660	12711
59100	44587
22765	14368
27570	None
27570	21025
27570	24186
29564	26388
29563	23017
5457	3240
32715	29999
30253	23998
30253	27361
29763	26709
30745	21325
30745	24535
30745	27870
13949	8041
12492	9600
15443	9556
38154	34899
15440	12430
12499	9603
30749	15938
30749	21327
30749	27876
23050	8621
4257	773
4257	2364
28694	22153
24523	13060
24523	15925
24523	18320
24523	21313
18140	9811
18140	None
18140	15746
28698	22158
18146	7084
18146	9813
18146	None
37120	30797
11166	5880
11160	259
11160	1833
11160	3647
11160	5866
11160	8442
34335	7890
34335	13794
34375	25223
34375	28620
34375	31321
67743	53523
67745	56189
67745	None
8763	6193
8762	3975
8762	6192
67748	64720
8769	6197
3432	75
3432	1686
61698	56660
34799	25647
34799	28979
3434	73
8385	213
8385	3610
8385	209
13838	3229
8382	206
8382	1796
8382	3609
8382	5832
54975	43987
54975	46810
54975	49422
51472	48739
15289	9375
15289	12211
23610	17535
23610	20280
34553	28757
7454	1183
7454	2936
7454	5064
24418	21234
12064	9252
67434	None
26629	19816
34153	13431
29611	26484
16570	13848
7692	5249
8508	327
23295	19908
28215	21685
26806	23380
28965	25629
53970	48529
23474	17675
55623	41952
55623	44793
55623	47391
55623	50097
55623	52925
66126	62630
55621	52921
43265	40615
23270	19866
68815	None
22675	19409
11570	8767
26564	23150
38890	32679
38890	36024
26563	2060
26563	3921
26563	8697
26563	14659
26563	19764
34812	22418
34812	29015
34812	31591
24709	21535
19149	5585
19149	16814
39171	33011
39171	36388
24705	7414
24705	13251
45919	10725
45919	16708
39175	36408
39176	33029
52258	46876
52258	49504
32642	20043
32317	26504
55249	47205
55249	49727
55248	52522
43860	38686
25722	19168
25722	22417
43190	34880
12711	6970
12711	9753
62248	54361
62248	None
23873	15342
23873	17829
32790	30065
51767	35331
51767	40862
51767	43567
51767	46494
51767	49002
52925	41952
52925	44793
52925	47391
52925	50097
6788	937
13616	10408
27386	6857
27386	9631
67807	56242
40166	37667
25615	16774
25615	19111
64605	53412
64605	56095
64605	None
19304	17004
21113	9857
21113	18176
17627	6335
17627	8904
17627	11737
17627	14890
3742	372
38254	35049
19964	14869
26950	17458
19960	14864
19960	17611
28326	18677
42022	35982
12006	4283
25743	19175
12004	808
12004	2396
12004	4281
12005	9218
11595	2140
11595	4002
11595	6217
19561	14450
19563	17098
19564	17097
43049	28877
43049	31496
43049	37992
16394	7810
16394	10449
63904	None
63903	41952
63903	44793
63903	47391
63903	50097
63903	52925
63903	55623
11598	2137
26389	17233
9248	809
9248	6552
42939	37837
42939	40333
52100	38728
52100	43928
52100	46784
52100	49361
63059	None
52008	41068
52008	43838
52008	46699
52008	49253
64029	None
64028	55677
41916	33300
38423	14413
38423	17066
38423	19517
38423	22816
38423	35310
63693	55414
38425	35324
39913	37396
63983	None
17531	15057
17533	15059
17532	9140
17532	11923
4535	961
42868	34380
42868	37753
42868	40249
21280	13043
21280	15896
21280	18292
11627	4008
11627	8797
12132	9330
42334	37123
11629	4012
11629	8802
57063	48806
69180	54569
10627	7977
10400	7714
10153	5035
10153	7409
10150	5032
9336	6647
45657	28469
45657	34249
36676	30408
36676	33357
10409	3099
36946	33626
33447	27632
24099	20961
41350	32679
41350	36024
41350	38890
33444	12735
33444	15718
33444	18111
33444	21050
64335	53131
64335	55870
28098	24784
57087	54380
10393	3076
10393	5253
10393	7702
68160	None
10395	7707
64333	47632
64333	50382
64333	53135
64333	None
17750	9325
17752	9330
17752	12132
17752	15219
57088	51573
9624	2594
16936	14129
36016	29953
37010	33680
18842	16488
37014	30706
37014	33683
37015	27841
37015	30708
37015	33684
38512	35442
14890	6335
14890	8904
14890	11737
6217	2140
6217	4002
36833	33553
12222	9391
70128	66597
36781	30535
36781	33505
53723	50876
63050	54828
63050	None
36838	21151
36838	24327
6819	2570
6819	4516
14877	6326
14877	11730
31332	18896
31332	25229
31332	28633
14659	2060
14659	3921
14659	8697
14658	6111
14658	11472
15703	12754
15704	2715
15704	4676
15704	7006
6817	2572
29372	19488
29372	22784
20398	4319
20398	9306
20398	15187
20398	17729
9753	6970
65794	None
53507	33989
53507	39901
53507	42508
65473	None
24146	9731
24146	15624
36075	6473
36075	9181
36075	11958
18937	5477
18937	10658
18937	13900
18930	16619
18932	10651
18932	13889
18932	16622
21421	10077
21421	13126
21421	15994
21421	18379
5195	3033
46216	22545
31334	25233
31334	28628
58197	54958
13267	7443
36160	32798
36167	32810
36166	20392
36166	23708
36166	27097
36166	30082
36166	32806
59828	47632
59828	50382
59828	53135
41770	39215
41772	36466
41772	39211
36073	32722
58285	54996
54180	51393
45086	39622
54340	51526
27543	20996
22205	16686
62798	49124
54349	51533
38184	31720
27819	12996
27819	18246
27819	21237
27819	24422
44142	41378
27548	24167
37160	30848
37160	33803
41184	19918
41184	23334
41184	26744
41184	38766
54274	29096
54274	34890
54274	38124
38748	35820
67119	63866
33990	27512
37765	18896
37765	25229
37765	28633
37765	31279
37760	25228
37760	34387
34890	29096
37071	24553
37071	27887
37071	30763
37071	33732
54749	51926
15451	12450
30754	27877
42354	24643
42354	30846
42354	33800
42354	39766
12485	9591
34414	18904
34414	22114
12488	9594
34411	13848
34411	16570
34411	18901
34411	22112
34411	25230
34411	28634
34411	31333
68838	None
68838	62308
68838	65759
34412	25233
34412	28628
34412	31334
39343	27496
39343	30385
39343	33343
39343	36662
72516	48579
72516	51223
72516	56551
72516	None
72516	65252
24557	21353
43221	22497
43221	25815
18153	15756
39349	27530
39349	30396
39349	33349
5500	3265
39581	36923
39582	33611
35973	17673
31907	26014
31907	29273
33242	27436
31591	22418
31591	25688
31591	29015
24398	12946
30335	9689
30335	15573
30335	17997
30335	20918
34307	28537
34306	28541
72753	65468
72753	68440
29115	22495
23604	9140
23604	11923
23604	17532
23604	20278
13845	7952
13845	10593
66408	63026
61683	10725
61683	16708
66407	None
37875	28743
37875	34537
34529	28735
26254	19578
26254	22921
12579	6888
51449	38135
51449	43179
42583	31046
42583	34068
42583	37451
34521	28730
34525	25305
34525	28731
34525	31406
26636	8213
26636	14727
69720	66336
5617	28
5617	3367
25958	22590
28731	25305
59649	42165
59649	47560
28733	22187
35925	32656
58008	54824
23465	11850
65071	None
35504	29577
23266	11593
23266	14759
23266	17405
39842	28074
27209	15309
27209	17802
27209	20565
8442	259
8442	1833
8442	3647
8442	5866
72407	56463
72407	65163
23268	8788
23268	11606
23268	17413
11567	3974
11567	6191
13990	8057
13990	10726
35743	23246
35743	32433
10219	5081
60931	47733
60931	53703
35856	23352
35856	26778
35856	29821
35856	32542
28644	16586
28644	22124
31424	28753
31373	28681
24311	21134
31370	28669
24310	18193
28649	22125
66790	63425
45166	27877
45166	30754
45166	33724
45166	37056
45166	39712
45166	42272
19609	14514
19609	17177
19608	17176
32675	26933
32675	29948
16124	10176
25044	5249
25044	7692
25044	10388
25044	13589
25044	16348
25044	21882
16120	7418
16120	10160
25046	3076
25046	5253
25046	7702
25046	10393
65216	None
36491	33132
35455	26343
35455	32201
19280	14214
19282	14215
19282	16911
51623	46295
51623	48860
19284	10932
6774	2546
19288	70
19288	1685
19288	3436
19288	10919
19288	14220
19288	17008
4755	2748
27390	20892
9965	7197
27158	20454
55633	47389
55633	50106
61538	48579
61538	51223
61538	56551
25608	19095
25609	22332
65454	56739
65454	None
65320	56628
70975	67224
45962	43026
46466	40838
24952	16307
37193	33840
38981	32808
53994	51169
52523	36279
36226	30130
22444	8133
22444	10808
68339	65404
31807	14245
2203	606
2207	611
11748	8924
70968	67221
12035	6531
17426	11636
17426	14792
52244	49492
63919	None
69993	None
21201	15835
21201	18212
63910	41959
63911	None
6682	4348
19591	17158
33987	31006
63043	52016
63043	54829
63043	None
69438	54652
63046	52018
39901	33989
39902	28155
39902	31007
39902	33988
39902	37387
21381	18348
54757	49200
9505	6756
63680	None
63681	55401
63681	None
41965	24167
41965	27548
41965	30442
41965	33367
17526	14823
17527	6281
17527	8850
17527	14824
17524	8847
17524	11686
17524	14821
17522	11684
16348	5249
16348	7692
16348	10388
16348	13589
13296	1190
13296	2942
13296	5074
13296	7463
13296	10216
17521	4070
17521	11682
6356	678
6356	2282
6356	4145
28876	25466
6352	2279
12101	9313
12100	9311
44534	41732
39644	13043
39644	15896
39644	18292
39644	21280
39644	30705
39644	37012
6359	4146
42499	33979
42499	39896
6192	3975
9436	4401
9434	4419
11637	6238
36334	27216
45868	42968
43312	40654
10167	5055
10167	7434
45861	40361
45646	40113
36480	30251
36480	33129
9619	2592
9619	4546
17748	15215
22816	14413
22816	17066
22816	19517
9183	799
9183	4251
9183	6484
9181	6473
21259	15877
21259	18259
40431	37955
45790	40294
45790	42896
45791	37799
45791	40295
45791	42899
67260	64070
45795	40301
38563	29577
38563	35504
54974	49418
54974	52154
33055	30216
17591	4275
17591	9201
17591	11987
12212	9376
53971	48535
36795	27718
36795	30547
36795	33522
36796	30548
20825	9603
20825	12499
41215	38782
6996	1037
70130	63262
70130	66600
54407	48845
18893	10588
18893	13839
18893	16566
18892	10585
18892	16565
14640	6072
14640	8665
15848	12958
18548	7485
18548	13319
18895	13842
18895	16569
26957	15053
26957	20216
64457	50513
64457	56020
64457	None
15847	9918
8632	3848
34959	31764
40890	32126
40890	35385
40890	38448
37689	28541
37689	34306
9769	4668
9769	7001
57893	49229
57893	54784
40629	38211
53921	48486
53921	51109
39766	24643
39766	30846
39766	33800
39767	33799
39767	37159
63266	46876
63266	49504
63266	52258
63266	55026
63267	None
18430	16048
11966	799
11966	4251
11966	6484
11966	9183
39477	30513
33450	30486
33453	30493
18439	7385
18439	13209
45087	42200
8850	6281
52844	47354
8855	4082
18098	12751
18098	15701
15604	12631
71172	63721
39378	30437
67561	64461
33522	27718
33522	30547
29992	20304
29992	23627
29992	27032
10216	1190
10216	2942
10216	5074
10216	7463
10210	5071
10210	7458
20278	9140
20278	11923
20278	17532
54355	48791
14266	8250
41548	39069
14260	10962
26825	14864
26825	17611
26825	19960
10185	7446
37195	13227
37195	21498
7054	4707
7055	2728
7055	4710
37753	34380
37752	28623
37752	34379
33235	30296
41141	35778
20529	9373
20529	12203
33988	28155
33988	31007
44712	33259
44712	36583
40940	35428
40941	35429
40941	38502
30763	24553
30763	27887
40544	34848
40544	38111
40230	34355
40230	37729
30764	21353
30764	24557
40549	34854
8143	36
8143	1629
8143	3375
34402	31330
14741	6197
14741	8769
18169	15771
26737	19916
26737	23327
37991	25466
37991	28876
37991	34689
37992	28877
37992	31496
15117	9196
15117	11981
17997	9689
17997	15573
37414	24862
17992	6888
17992	12579
63568	None
25893	17011
25893	19292
2992	1267
25897	14215
25897	16911
25897	19282
25897	22549
37416	31024
37416	34023
25894	19291
25894	22561
64220	None
34317	7890
34317	13794
14460	3683
23672	15135
23672	17603
23672	20357
35048	32131
67413	None
67413	64225
31561	8074
66416	None
66416	63036
66369	62974
12588	6904
12588	9691
34532	25308
32732	27035
32732	30020
34530	22187
34530	28733
34530	31407
28431	25080
8527	347
12586	9688
8524	3711
44911	36794
44911	39504
44911	42064
37794	31368
28231	16279
44914	36798
44914	39509
55137	52385
17720	12069
17720	15169
66099	54598
66099	62629
15027	11889
38172	34913
66564	None
66564	63214
10388	5249
10388	7692
43954	35823
43954	38739
43954	41171
33072	23926
25164	16488
25164	18842
25164	22035
22651	19386
65069	45673
23491	17679
8454	3657
52838	39310
52838	44717
52837	36614
52837	39306
38507	19616
38507	22963
38507	26326
38507	29522
38507	32188
38507	35438
23707	9295
23707	15184
34629	22252
34629	31467
11359	2000
32807	30086
6423	2333
27015	20286
27011	17535
27011	20280
27011	23610
23383	4096
23383	6309
23383	11708
23383	None
23383	19949
23386	14853
23386	17607
35687	32397
35685	32391
22253	14019
61259	56414
34103	21767
34103	24937
22035	16488
22035	18842
16139	10176
16135	7418
16135	10160
16645	5489
16645	8007
16645	10669
16645	13920
6169	3951
22973	5956
22973	8553
72503	None
72503	65226
6164	511
6164	2087
6164	3946
19292	17011
19293	17010
64825	50761
6768	922
6768	2541
6768	4497
52903	39341
52903	41934
52903	44767
52903	47365
13673	10439
66419	32391
66419	None
54141	48641
52906	44774
52906	47371
52906	50075
18616	5152
18616	10299
19763	6111
19763	11472
19763	14658
36029	29967
36029	32685
19766	11480
19767	17341
19764	2060
19764	3921
19764	8697
19764	14659
19768	17340
5866	259
5866	1833
5866	3647
5863	3642
65441	16742
65441	19040
65441	22268
65441	25446
65441	28844
65441	31479
65441	34642
65441	45978
65441	48651
53594	50748
17358	11521
65330	None
17607	14853
60491	56189
17357	511
17357	2087
17357	3946
17357	6164
17357	8722
41236	29843
41236	32566
41236	35880
41236	38794
17603	15135
17600	6520
17600	9210
17600	11998
17600	15128
2182	600
31407	22187
31407	28733
32062	206
32062	1796
32062	3609
32062	5832
32062	8382
32062	11081
32062	19505
32063	29399
4601	2650
23925	17918
23925	20797
23924	15444
23924	20784
67870	56303
67870	None
67870	64886
46076	36927
46076	43092
23923	12430
23923	15440
23923	17877
23923	20783
46075	31521
46075	38018
46075	40471
46075	43091
62908	None
52230	44050
52230	46864
52230	49489
43028	40433
43843	32397
43843	35687
43843	38675
43843	41078
43020	37942
19585	17171
11791	8970
21625	7485
21625	13319
21625	18548
53182	47671
22148	10651
22148	13889
22148	16622
22148	18932
39976	37466
46212	19262
46212	22540
46212	40612
46210	40611
20861	9627
20861	17950
52696	44545
52166	49431
51450	34868
51450	38143
19835	8759
19835	14736
41979	36693
61617	45878
27872	21321
27872	24531
27213	20558
27213	23858
12112	6629
12112	9321
13468	3033
13468	5195
13468	10340
27871	18323
27871	21326
27871	24538
6349	4136
4516	2570
70031	66536
9994	4860
33345	15617
33345	18040
33345	20977
42319	37095
56065	53379
37385	31006
37385	33987
11640	6243
9601	6826
37387	28155
37387	31007
37387	33988
9357	4343
9356	6673
9354	2447
9354	6671
53364	50557
45927	28789
45927	34579
33217	17977
33217	20902
7236	2823
17174	11210
17174	14483
17177	14514
17170	11207
60676	48058
60676	50770
60676	53633
60676	56280
22828	8426
22827	11126
20662	12362
41694	36408
41694	39175
38579	29599
42172	39589
36569	27428
38573	23052
38573	32271
63783	None
16911	14215
38575	26465
38575	32272
38575	35525
63899	44774
63899	47371
63899	50075
63899	52906
63899	55606
63899	None
42957	34526
42957	37861
42957	40358
55136	49598
55136	52381
6235	4017
42958	34528
6237	579
10779	1596
10779	5592
45521	31093
53968	28681
53968	31373
53968	34467
53968	37809
53968	40302
53968	48528
12203	9373
36585	24062
36585	30320
36585	33265
26949	11902
26949	20131
26949	23538
20917	9688
20917	12586
20917	15571
36583	33259
18556	16239
14859	4109
70368	None
14672	8711
33732	24553
33732	27887
33732	30763
62764	51864
62308	None
9773	2707
9773	7004
9772	1039
9772	4671
9772	7003
18952	5489
18952	8007
18952	10669
18952	13920
18952	16645
63094	None
18951	13916
39711	30751
39711	32469
39712	27877
39712	30754
39712	33724
39712	37056
13083	4937
13083	10031
25045	7693
25045	16349
33422	30465
33424	24198
13244	10149
41379	30007
41379	32730
41379	36074
35749	23252
35749	26663
35749	29734
41799	33168
41799	39250
12938	4812
12938	7152
33555	24306
26839	19969
33884	30914
14218	10924
20289	773
20289	2364
20289	4257
20289	6472
20289	17543
20288	11959
20288	15084
20288	17542
28538	13778
70962	63980
70962	67214
20280	17535
14217	75
14217	1686
14217	3432
14217	8210
72887	56791
29754	11626
29754	23284
29754	26688
20042	6369
20042	11840
29756	23285
29756	26695
32922	27199
39620	24466
20045	9030
20045	11844
20045	14976
38275	32412
38275	35100
14183	10857
67179	None
38766	19918
38766	23334
38766	26744
42866	40247
62481	51736
62481	54559
45161	42264
37218	18458
37214	33857
37747	25223
37747	28620
37747	31321
37747	34375
37212	7405
37212	16095
37212	21516
37212	28031
41814	39267
18171	15777
18176	9857
67312	None
15925	13060
34431	10615
34431	22127
34431	28651
30770	21388
30773	27906
41950	30408
41950	33357
41950	36676
41950	39365
37984	25499
37984	28861
37984	31488
37984	34671
33951	28124
37983	16743
37983	19053
37983	22267
37983	25498
37983	31487
15108	4246
15108	6457
15108	9155
42688	37584
39360	36671
57976	51997
39364	33356
39364	36675
39365	30408
39365	33357
39365	36676
37988	22277
37988	28871
37988	31494
37988	34687
18379	9702
18379	13126
18379	15994
17980	None
45061	42175
58550	55114
19191	14129
19191	16936
15580	4604
15580	9698
40333	37837
8739	3967
67770	64750
30609	24355
30609	27757
59404	55656
31777	25895
14812	6266
14812	8830
14812	11672
67950	None
40299	31371
28397	18714
8047	5522
23668	11997
23668	15127
23668	17599
23668	20349
37097	30780
37097	33755
31352	16594
31352	18915
31352	22129
32566	29843
67795	56217
67795	None
67795	64765
27716	21097
27716	24269
4359	2457
70898	None
70898	67179
72901	65539
72901	68556
36653	33336
28717	18953
28717	25286
6508	2405
6508	4310
31487	25498
31084	21759
31084	24917
31084	28246
44904	42055
31488	25499
31488	28861
14529	8554
37316	16207
37316	21356
37316	21589
37316	24787
37316	28099
38143	34868
69075	65925
23250	11587
23250	14751
72863	68529
42271	30751
42271	33723
42271	39711
18924	13885
18924	16616
34187	25029
30473	9779
30473	12760
30473	15714
30473	18103
52135	35812
52135	41166
52135	43949
52135	49388
32479	26691
23489	20068
32476	11626
32476	23284
32476	26688
32476	29754
23483	20062
23248	19852
23718	17732
43238	31720
43238	38184
43238	40592
11349	8611
15326	12256
19113	14057
19113	16730
19112	10730
19112	14047
19112	16775
39144	32992
15323	9402
55013	52231
5707	1702
70306	63346
12449	6789
12449	9570
63902	47389
63902	50106
63902	55633
28887	25490
45848	34526
45848	37861
45848	40358
45848	42957
35877	2238
35877	4094
35877	6308
35877	8875
35877	32564
64762	None
16108	7405
19620	14526
6426	4195
28865	16749
28865	19062
28865	25503
13646	10420
28866	19063
28861	25499
13642	5296
13642	10424
22532	19259
45978	16742
45978	19040
45978	22268
45978	25446
45978	28844
45978	31479
45978	34642
33350	27527
33350	30393
32803	20389
13889	10651
33694	27845
55651	41993
55651	47436
55651	50145
55651	52949
39039	36217
35583	32327
56473	48486
32904	27187
19027	14009
55659	47433
55659	50147
5814	160
5814	1772
5814	3564
32271	23052
43949	35812
43949	41166
16744	14025
57457	51766
17611	14864
43499	29360
43499	38397
17343	14665
17617	14868
32294	29603
12059	809
12059	6552
12059	9248
55870	53131
13507	10355
43540	38418
23935	15439
23935	17884
23935	20770
56785	48682
12691	9745
56786	51393
56786	54180
46045	43062
42540	18559
42540	28207
2942	1190
27226	15342
27226	17829
27226	23873
27224	20600
35727	26646
27222	20612
59898	37049
43839	38672
43838	41068
65238	None
41072	35690
41072	38670
64541	56054
64541	None
20701	17852
28651	10615
28651	22127
63064	46732
53173	39714
53173	42277
53173	45167
53173	47667
21096	18166
41949	27530
41949	30396
41949	33349
41949	39349
32124	14448
32124	17094
32124	None
25574	16770
41946	27496
41946	30385
41946	33343
41946	36662
41946	39343
61809	54123
25084	18728
16699	8055
16699	13977
16698	5526
16698	10720
16698	13976
2084	507
61045	53717
56095	53412
34131	31113
20677	12362
20672	17852
45623	34214
45623	37596
45623	42699
9361	6677
8984	4146
8984	6359
21271	12967
21271	18277
21277	18287
38810	29852
38810	32577
7951	1483
17161	3711
17161	8524
17161	11222
17161	14496
37518	18655
10340	3033
10340	5195
39812	33856
39812	37214
36578	33262
25219	22093
42944	40351
53777	48285
53777	50951
12275	9419
20451	9330
20451	12132
20451	15219
20451	17752
20452	12133
20902	17977
33099	20809
33099	23956
33099	27327
33129	30251
11836	9028
18562	10247
18562	16258
14662	8703
14663	8704
20908	9678
9709	4609
58148	54910
37891	28757
37891	34553
38604	32327
38604	35583
44384	39103
8875	2238
8875	4094
8875	6308
54088	45908
13093	4939
21477	16050
37422	34030
33432	27614
33432	30474
59819	53134
59819	55868
44380	32913
44380	36273
36972	29884
41924	33322
41924	39315
36113	15135
36113	17603
36113	20357
36113	23672
13251	7414
26843	14864
26843	17611
26843	19960
30168	27198
15629	2696
15629	6948
30744	24533
30744	27869
30167	20527
30167	23834
15624	9731
67544	53243
67544	55981
67544	None
67544	64438
10233	2951
10233	5085
10232	7479
58499	49554
58499	55087
58498	55083
65513	56766
65513	None
27829	24464
27824	24443
66669	None
5490	3263
62758	54684
27823	24446
21505	13236
5253	3076
29723	19842
29723	23232
68313	65493
24020	20876
14191	10873
63331	55083
63331	None
52572	36352
52572	39143
15820	12930
68480	65508
53518	45438
53518	47972
53518	50708
37227	33862
39214	12497
39214	15489
39214	18220
39214	20824
40924	38482
37736	28604
68869	65779
30708	27841
15489	12497
40218	37725
40219	34329
18184	15785
40216	22069
40216	25189
40216	28585
15952	7276
15952	10026
30705	13043
30705	15896
30705	18292
30705	21280
15957	13079
23502	20076
18342	15964
57133	54410
31120	18649
31120	21814
31120	28283
45852	31408
45852	37866
24560	21364
15132	4283
15132	12006
68021	None
65294	31412
65294	34534
65294	37873
26993	17535
26993	20280
26993	23610
31767	14213
65297	42968
65297	45868
65297	48580
65297	51226
62115	None
31763	14210
17975	999
17975	4590
17975	6871
17975	12572
24364	18209
17971	998
17971	9673
17970	2632
17970	9672
7142	4792
17972	6866
40857	35324
40857	38425
26653	17395
42614	34119
42614	37484
42614	39996
52902	33336
52902	36653
52902	39327
29927	26916
33821	21471
33821	24670
8722	511
8722	2087
8722	3946
8722	6164
33898	21564
33898	28076
33308	20944
29920	23481
29920	26913
12876	4754
66947	63742
8504	325
8504	1879
8504	3696
34517	31402
13871	3240
13871	5457
13871	7969
8058	5535
31012	21695
31012	24870
31012	28193
35066	25988
23651	20328
12878	7113
12878	9855
30385	27496
30384	27486
40459	31506
40459	38011
33683	30706
15002	6402
15002	9053
26659	19852
26659	23248
58655	49598
58655	52381
58655	55136
40560	38139
15008	2321
15008	6407
15008	9061
33446	30489
64225	None
31491	16750
31496	28877
28257	24932
53129	33679
53129	37009
38397	29360
26663	23252
38395	29357
44975	36837
44975	39531
25983	22620
17888	9556
17888	15443
34387	25228
33157	960
33157	2583
33157	4529
33157	6830
33157	23983
24292	15803
28099	16207
28099	18519
28099	21589
28099	24787
34386	31330
17884	15439
62285	None
22631	17020
25639	19120
32468	8796
32468	11617
32468	14772
32468	17419
32468	19871
32469	19875
47356	44753
32465	19866
32465	23270
32465	26672
32462	17412
32462	19865
3876	2028
34608	28811
53842	51007
8475	5887
23230	11576
23230	14742
8477	3678
23232	19842
23726	6614
23726	12103
23726	15193
23236	14750
23236	17399
32860	23772
32860	27156
19106	16773
6407	2321
44803	30435
44803	33362
44802	41957
27032	20304
27032	23627
27031	17562
27031	20303
27031	23625
65446	54140
28898	16759
28898	22300
28898	None
56116	42467
56116	45396
56116	47940
56116	50626
31534	22334
35783	11626
35783	23284
35783	26688
35783	29754
35783	32476
7769	1386
7769	3140
32609	23439
35484	26388
35484	29564
35487	17233
35487	26389
52711	49902
32605	29876
23837	9372
23837	12201
23837	15275
23837	17783
23837	20528
23834	20527
43310	38236
43310	40651
6743	4438
65332	None
9306	4319
32594	23432
32594	26873
32188	19616
32188	22963
32188	26326
32188	29522
13893	3255
13893	5474
41563	36271
9716	2685
9716	4616
67864	64883
29065	19195
29065	25755
35242	14368
35242	22765
35242	26122
19741	17319
55665	44859
32915	15262
32912	20527
32912	23834
32912	30167
63332	49554
63332	55087
63332	None
16202	5071
16202	7458
16202	10210
60277	56094
16204	5081
16204	10219
32733	30021
16206	1190
16206	2942
16206	5074
16206	7463
16206	10216
16206	13296
19929	14823
19929	17526
17371	11552
17370	8742
17370	11549
17370	14715
46186	34913
46186	38172
46186	43225
34786	31577
26184	17073
26184	19528
32284	23052
26187	8426
26187	22828
32281	29603
38977	20392
38977	23708
38977	27097
38977	30082
38977	32806
38977	36166
25367	8057
25367	10726
25367	13990
55689	52997
43000	28782
43000	31446
43000	34573
55868	53134
31834	29210
34473	16619
34473	18930
34473	25262
34473	28688
21882	5249
21882	7692
21882	10388
21882	13589
21882	16348
23908	20713
34379	28623
25761	16858
25761	22461
19635	17206
16180	13285
40249	34380
40249	37753
56280	48058
56280	50770
56280	53633
43825	38659
27219	23869
40248	28623
40248	34379
40248	37752
21864	None
64570	53379
64570	56065
64570	None
39955	28226
39955	31045
53163	39708
53163	42259
21868	16332
60256	53379
60256	56065
66796	63439
53895	48456
19814	6184
19814	11547
19814	14713
19814	17368
19815	8742
19815	11549
19815	14715
19815	17370
25503	16749
25503	19062
63650	None
16370	10420
16370	13646
25504	19064
45340	42427
16684	8023
16684	10687
16684	13936
45431	31153
45431	33987
45431	37385
45431	42507
24960	21825
43179	38135
11463	2051
11463	3858
31343	5450
43176	34854
43176	40549
56085	42451
56085	45370
56085	50587
56085	53400
11468	6106
65333	45897
5064	1183
5064	2936
45182	42289
45180	27906
45180	30773
45180	37080
45180	39724
45180	42287
53303	33831
3952	515
13839	10588
7962	5450
25214	18885
17409	14767
37504	31113
37504	34131
9178	4258
10682	8013
64372	None
10686	3272
10687	8023
13319	7485
56883	48739
56883	51472
56883	54275
45763	37757
25189	22069
63132	None
9570	6789
36290	32927
42109	36900
41886	33274
41886	39299
6254	591
6254	2176
20933	2657
20933	6909
20933	15581
33719	21321
33719	24531
33719	27872
45766	37769
62323	54417
54232	48718
54232	51419
33710	24532
33710	27867
33717	21325
33717	24535
33717	27870
33717	30745
33716	24533
33716	27869
33716	30744
53238	45234
53238	50473
45980	40433
45980	43028
53786	42738
3275	1549
63505	52467
14233	5703
14233	10937
14056	1578
39739	37119
33370	15659
22997	17215
22997	19651
52905	44770
52905	47369
52905	50074
41086	6193
41086	8763
41086	11568
41086	14737
41086	17382
41086	23225
41086	32406
41086	35705
41086	38680
36120	6531
36120	12035
37437	21685
37437	28215
18973	16683
33391	30446
18977	8023
18977	10687
18977	13936
18977	16684
20591	12261
15739	2728
15739	4710
15739	7055
15739	9798
15739	12791
41310	17673
41310	35973
36902	21176
36902	24359
45345	37234
45347	30913
44746	20944
44746	33308
44746	36623
11935	None
70764	None
44743	42948
54832	49268
54832	52017
30654	15877
30654	18259
30654	21259
14236	84
14946	11798
14941	11792
14940	8970
14940	11791
54301	51502
14230	79
14230	1698
14230	8226
15630	12668
40041	34151
26858	19969
43928	38728
15634	9736
26627	19812
15637	1029
15637	9737
15637	12676
27859	1092
27859	4895
27859	10004
38707	23252
38707	26663
38707	29734
27335	20818
38709	32443
38708	29736
38708	32440
27853	24515
14238	10941
24036	6856
24036	15534
38701	23246
38701	32433
38701	35743
9395	850
9395	2463
34840	25719
34840	31621
39606	33626
39606	36946
29734	23252
29734	26663
67151	63849
35385	32126
64318	53134
64318	55868
66236	54699
36633	33322
68491	65489
36630	24088
36630	33321
41021	32327
41021	35583
41021	38604
44835	30450
44835	36698
44108	38894
34297	16488
34297	18842
34297	22035
34297	25164
38877	35987
30718	21290
15127	11997
40260	13848
40260	16570
40260	18901
40260	28634
40260	31333
40260	34411
40260	37767
40263	25233
40263	28628
40263	31334
40263	34412
15128	6520
15128	9210
15128	11998
15129	9213
18890	3227
18890	10582
18191	12846
42287	27906
42287	30773
42287	37080
42287	39724
28465	25105
26912	23480
42388	33840
42388	37193
28628	25233
45446	34005
45446	39914
18352	13089
65503	None
24359	21176
38018	31521
27453	24072
27452	24071
31719	5656
31719	8176
31719	10880
31719	14193
38017	28908
38017	34743
38011	31506
7152	4812
18750	13682
40862	35331
18752	16393
37652	21962
37652	28474
44365	41562
30658	24446
31045	28226
24145	20980
29936	11879
29421	17073
29421	19528
29421	26184
21516	7405
21516	16095
40462	25549
40462	31515
12867	4754
12869	7113
12869	9855
8064	5545
31026	24861
30396	27530
15011	6422
15011	9070
39600	36929
69132	43500
32806	20392
32806	23708
32806	27097
32806	30082
5657	1665
5657	3407
28214	21687
39605	33619
26672	19866
44966	42120
28260	21768
15494	9607
15494	12501
23003	19653
15497	960
15497	2583
15497	4534
15497	6830
8665	6072
17892	15453
17891	12450
17891	15451
31621	25719
38124	29096
38124	34890
28285	24955
13793	3187
13793	7889
31446	28782
13794	7890
28283	18649
28283	21814
4087	2219
27024	4246
27024	6457
27024	9155
27024	15108
23229	6197
23229	8769
23229	14741
34671	25499
34671	28861
34671	31488
34670	19053
34670	22267
34670	25498
34670	31487
66599	None
66598	None
66598	63267
27028	773
27028	2364
27028	4257
27028	6472
27028	17543
27028	20289
23225	6193
23225	8763
23225	11568
68490	None
41126	38715
30958	28102
32895	20516
19138	16809
30954	24784
30954	28098
19134	16802
6410	2324
6410	4177
41498	36217
41498	39039
9813	7084
59094	52722
59094	55399
37729	34355
45768	34409
45768	40258
45768	42874
38233	19316
38233	22577
38233	25930
38233	29191
38233	35001
66448	63079
35810	26719
35810	32506
28605	22080
42250	27845
42250	33694
42250	37027
59095	55400
55215	44323
11499	2069
18276	13030
72535	None
44064	9028
44064	11836
44064	14966
11258	1936
11258	8557
11256	3748
30477	15708
30477	21043
64816	50759
45419	39886
19009	16714
36711	21033
36711	27596
36711	30461
36711	33414
19003	13985
19002	13984
19001	13983
40037	37516
19004	13986
55852	50359
55852	53112
22770	11048
22770	14372
19269	16906
32708	29979
56327	48111
56327	50830
56327	53688
65494	54195
65494	56805
56646	48601
22174	5489
22174	8007
22174	10669
22174	13920
22174	16645
22174	18952
29490	26282
16569	13842
11781	677
11781	2275
11781	4138
11781	6351
11783	2279
11783	6352
16565	10585
16564	7946
6084	3896
16566	10588
16566	13839
25370	19008
25370	22216
16562	3232
16562	7944
16562	10583
52953	27603
23919	17866
23919	20730
43567	35331
43567	40862
12676	1029
12676	9737
51774	49008
11725	8893
5907	316
5907	1875
51773	49005
27204	20544
27204	23844
5908	3691
28989	22340
19319	14242
15084	11959
17564	15110
38496	29502
15946	4919
15946	10024
57691	51892
15947	10023
65764	51526
65764	54340
65764	None
4561	981
3647	259
3647	1833
61596	25305
61596	28731
61596	31406
61596	34525
61596	34526
61596	37860
61596	37861
61596	40357
61596	40358
61596	42957
61596	45848
61596	45849
42699	34214
42699	37596
19865	17412
19864	14767
19864	17409
64960	None
11671	2200
11671	4060
11672	6266
11672	8830
64963	48111
64963	50830
64963	53688
64963	56327
33371	6970
33371	9753
33371	12711
33371	15660
11678	609
11678	6274
56805	54195
45426	33979
45426	39896
45426	42499
2396	808
17366	3967
17366	8739
17366	11544
17367	8740
17367	11546
11472	6111
24917	21759
12780	4697
43103	38055
43103	40502
12785	7040
17369	3968
17369	6185
17369	8741
17369	11548
17369	14714
12786	7051
12786	9793
39835	37250
62919	51952
62919	54680
62919	None
10325	1296
39832	30906
39832	33874
39832	37243
39833	28049
39833	30906
39833	33874
39833	37244
17782	9375
17782	12211
17782	15289
17783	9372
17783	12201
17783	15275
4894	1091
4894	2815
17419	8796
17419	11617
17419	14772
17416	11612
57337	54557
21215	7157
21215	18234
17413	8788
17413	11606
17410	8782
17410	11604
17411	11605
12257	2476
25197	18876
25197	22075
16780	14057
13308	7478
45518	31055
45518	34084
12258	6705
42969	37874
42969	40364
52154	49418
17095	5887
17095	8475
17095	11176
42960	28735
42960	34529
42960	37865
42962	34531
42962	37868
42962	None
53932	51118
43619	38460
53934	48502
42210	30686
42210	33659
42210	39626
9726	6925
14047	10730
39270	36539
14821	8847
14821	11686
29015	22418
14824	6281
14824	8850
9729	6941
42986	37893
42986	40388
21327	18622
21326	18323
39724	27906
39724	30773
39724	37080
39619	30680
20109	9090
53363	39827
53363	42424
10031	4937
10030	7280
5122	1236
5122	2977
9845	7103
7379	4993
3461	1707
3460	1706
31716	25836
7374	2885
7374	4988
45353	37254
20783	12430
20783	15440
20783	17877
43277	31769
43277	38208
43277	40620
20587	15328
33149	9627
33149	17950
33149	20861
33146	23998
33146	27361
33146	30253
33411	27622
11923	9140
33142	27356
70776	None
70776	63814
70776	67056
14220	70
14220	1685
14220	3436
14220	8215
14220	10919
33367	24167
33367	27548
33367	30442
27597	2707
27597	7004
27597	9773
27597	12750
27597	21035
27597	24192
33362	30435
68104	48486
68104	56473
27592	12754
27592	15703
27592	18100
26868	17642
26868	19993
37563	34184
27599	12759
27599	18379
27599	21042
18212	15835
59767	45124
59767	50360
10253	7526
71957	None
29090	14125
29090	16852
29090	25748
30378	15612
30378	18031
30378	20970
30378	24122
37243	30906
37243	33874
20039	9027
39618	36976
18694	13566
37246	30914
37246	33884
30547	27718
29701	19816
29701	26629
29700	3968
29700	6185
29700	8741
29700	11548
29700	14714
29700	17369
29700	23207
29700	26628
13126	10077
32761	30037
11811	9012
37080	27906
37080	30773
65226	None
44793	41952
36623	20944
36623	33308
67184	63918
34289	28536
38471	29478
38471	35401
39531	36837
59896	53165
56220	53522
28474	21962
24343	12898
18320	13060
18320	15925
37153	27961
37153	30844
37153	33793
45974	34631
17951	9627
31709	25820
38000	25496
68205	65291
68206	None
40470	28908
40470	34743
40470	38017
40471	31521
40471	38018
40472	38020
30030	4275
30030	9201
30030	11987
34068	31046
30035	17601
30035	20353
70209	66651
67450	64281
31524	28925
15573	9689
37864	34528
15571	9688
15571	12586
37866	31408
18031	15612
37860	25305
37860	28731
37860	31406
37860	34525
26641	11573
26641	14738
26641	19841
32730	30007
62707	None
37868	34531
26885	11798
26885	14946
26885	17656
26885	20016
70532	66901
42509	33991
42509	39903
28270	21766
39447	33433
39447	36724
39440	36726
21322	15931
30725	24518
30725	27860
45157	42260
44542	36436
30722	24515
30722	27853
15971	13084
28076	21564
28296	3014
28296	5165
28296	7571
28296	21828
23742	6629
23742	9321
23742	12112
4094	2238
22613	10958
22613	14255
22341	14057
22341	16730
22341	19113
42674	34191
26501	19729
41202	23352
41202	26778
41202	29821
41202	32542
41202	35856
41202	38774
23588	20262
12419	9523
50543	33856
50543	37214
50543	39812
50543	42403
50543	47821
6236	578
6236	2150
6236	4014
51546	48796
67211	None
47282	44572
12416	8243
7742	2945
66102	51766
66102	None
42896	40294
31032	28206
36652	15612
36652	18031
36652	20970
36652	24122
36652	30378
36652	33333
28617	22115
28617	25221
62295	43340
3921	2060
19496	1793
19496	5825
40504	25647
40504	28979
40504	34799
26477	19715
52949	41993
52949	47436
52949	50145
52948	39434
52948	41992
32934	12207
32934	15282
32934	20530
5825	1793
56407	53802
8091	3329
23694	17715
23694	20379
4145	678
4145	2282
32445	29739
32440	29736
68198	None
68198	65287
33737	21354
33737	24558
33737	27892
9935	7169
22764	8340
22764	11040
22764	14365
22764	17017
22764	19464
19279	16910
55535	42948
55535	44743
55535	47345
55535	50052
22769	14371
22769	17032
22769	19469
32716	30001
51978	46648
32710	17562
32710	20303
32710	23625
32710	27031
32710	29991
16775	10730
16775	14047
32712	20304
32712	23698
32712	27032
32712	29992
20918	9689
20918	15573
20918	17997
25349	8055
25349	13977
25349	16699
25349	22208
25348	18994
42514	37396
42514	39913
12061	2409
12061	4286
12061	6553
12063	6554
12063	9251
6095	476
12065	811
12065	6555
12066	4288
12066	6558
22169	13916
22169	18951
31858	25981
31853	25978
44962	42087
32622	29883
10808	8133
56539	53980
27271	12430
27271	15440
27271	17877
27271	20637
27271	23923
25746	16846
25746	22438
16178	10192
10807	1622
5911	321
63633	None
46098	38054
21845	13471
21845	18674
21664	16239
21664	18556
32165	26297
43598	32126
43598	35385
43598	38448
43598	40890
57114	54396
61851	43313
41380	32734
19871	8796
19871	11617
19871	14772
19871	17419
3674	293
3674	1862
16315	10322
16315	13434
2541	922
42429	30906
42429	33874
42429	37243
42429	39832
11688	2215
11688	4079
42355	33799
42355	37159
42355	39767
11686	8847
11680	611
11680	2207
11680	4067
11682	4070
25538	22313
66208	54684
66208	62758
41146	29755
41146	35785
41146	38724
21569	13287
17319	14637
12793	7066
12791	2728
12791	4710
12791	7055
12791	9798
56338	50851
56338	53701
2282	678
9155	4246
9155	6457
63095	None
21832	10322
21832	13434
21832	16315
21832	18665
45169	42278
45167	39714
45167	42277
10339	7595
9159	4248
45160	37050
45160	42263
27901	21388
17429	6246
17429	8806
25230	13848
25230	16570
25230	18901
25230	22112
16402	5320
16402	13693
25236	18906
25236	22116
31451	19008
31451	22216
31451	25370
21202	12989
21203	18216
17133	259
17133	1833
17133	3647
17133	5866
17133	8442
17133	11160
17133	14438
17132	8433
17134	8443
36723	27614
36723	30474
36723	33432
6274	609
45567	40045
45567	42654
63851	42948
63851	44743
63851	47345
63851	50052
63851	55535
20823	15484
20823	17929
6073	3888
20824	12497
20824	15489
20824	18220
9552	922
9552	2541
9552	4497
9552	6768
53926	37757
53926	45763
53926	48491
53926	51113
11476	3919
62341	None
9737	1029
45703	37667
45703	40166
21440	18401
21337	4919
21337	10024
21337	15946
24122	15612
24122	18031
24122	20970
63298	55059
62586	None
17042	14378
10026	7276
10024	4919
60726	56303
44767	39341
44767	41934
22978	19634
39994	31091
53245	33782
13209	7385
42647	34151
42647	40041
36387	33007
36386	33006
42643	28286
42643	31126
42643	37515
42643	40029
35310	14413
35310	17066
35310	19517
35310	22816
12334	4422
12334	9477
12336	2502
12336	6719
36388	33011
12330	9471
41992	39434
36432	23939
36432	27281
36432	30229
36432	33069
27876	21327
14960	4152
33357	30408
14966	9028
14966	11836
14789	579
14789	6237
27870	21325
27870	24535
33604	27795
26873	23432
41048	29665
54260	34848
54260	38111
9029	2298
14148	10823
7001	4668
38726	26691
38726	32479
38726	35786
7003	1039
7003	4671
38724	29755
38724	35785
7006	2715
7006	4676
33281	9689
33281	15573
33281	17997
33281	20918
33281	30335
33280	6904
33280	9691
33280	12588
37257	24739
34873	19195
34873	25755
34873	29065
12545	981
12545	4561
12545	9634
29716	26640
39666	27845
39666	33694
39666	37027
14815	6271
11865	6386
13164	7366
13164	10095
14811	2200
14811	4060
14811	11671
14810	4056
12543	980
12543	4562
12543	6854
15812	9863
18519	16207
34573	28782
34573	31446
29880	26884
54736	51909
59533	55701
67196	None
56528	48535
56528	53971
24330	21155
18339	4921
43129	40516
15789	2748
15789	4755
15789	7117
14365	8340
14365	11040
14496	3711
14496	8524
14496	11222
14367	5805
14367	8337
14367	11044
34675	16749
34675	19062
34675	25503
34675	28865
37678	28536
37678	34289
37675	22021
37892	34555
1698	79
67449	None
31283	16455
31283	18815
43907	38715
43907	41126
66948	55287
31280	18811
40485	25558
29857	26835
30026	17587
30020	27035
40482	31525
39299	33274
54107	48613
54107	51292
11044	5805
11044	8337
11043	5806
37873	31412
37873	34534
54102	28782
54102	31446
54102	34573
54102	43000
54102	45923
54102	48603
26658	14746
15565	9680
8240	3446
8240	3460
59097	55401
15560	4573
11049	160
11049	1772
11049	3564
11049	5814
11049	8349
8797	4008
38104	25719
38104	31610
38104	34840
66265	62844
14760	2140
14760	4002
14760	6217
14760	11595
26891	20036
26891	23445
43926	29755
43926	35785
43926	38724
43926	41146
40246	34378
40245	34377
15963	7280
15963	10030
53224	42322
53224	45217
53224	47731
8642	6047
8640	2017
28596	18785
28596	22075
28596	25197
22379	16809
22379	19138
31467	22252
31466	14019
31466	22253
35708	32413
23207	3968
23207	6185
23207	8741
23207	11548
23207	14714
23207	17369
23209	8742
23209	11549
23209	14715
23209	17370
23209	19815
38394	29359
38394	35236
35705	6193
35705	8763
35705	11568
35705	14737
35705	17382
35705	23225
35705	32406
39180	30218
13938	1549
13938	3275
13938	10690
39182	23939
39182	27281
39182	30229
39182	33069
39182	36432
66861	None
13936	8023
13936	10687
26937	20122
47289	41793
28627	16567
35835	26724
35835	29782
35835	32517
28620	25223
35838	26764
6472	773
6472	2364
6472	4257
15360	12297
21942	16395
24797	16217
24797	21613
28629	18896
28629	25229
9835	4739
31040	21716
31515	25549
23110	14637
23110	17319
23110	19741
31512	25537
31511	19090
31511	25536
31511	28904
38219	79
38219	1698
38219	5695
38219	8226
38219	14230
38218	34987
20730	17866
23119	17322
44611	36517
44611	39253
45175	27883
45175	39717
45175	42280
22577	19316
65163	56463
19464	8340
19464	11040
19464	14365
19464	17017
19466	3551
19466	8343
66718	63383
59400	55647
32542	23352
32542	26778
32542	29821
8337	5805
6719	2502
52951	39437
52952	44842
45171	42266
52955	30465
52955	33422
52955	36715
52955	39459
52955	41994
43341	40682
24667	16050
24667	21477
32940	20544
32940	23844
32940	27204
19062	16749
9902	4808
9900	4804
56431	51026
15219	9330
15219	12132
39276	36552
32433	23246
33273	24072
33273	27453
32437	23252
32437	26663
32437	29734
5695	79
5695	1698
24469	13018
24469	None
25229	18896
19201	14153
19201	16861
64765	56217
64765	None
32765	27085
25688	22418
35525	26465
35525	32272
35522	23052
35522	32271
42507	31153
42507	33987
42507	37385
42508	33989
42508	39901
29551	23005
16095	7405
26319	14514
26319	17177
26319	19609
26319	22959
55355	52694
43100	22344
43100	28949
12656	6941
12656	9729
10879	5655
10879	8175
43298	38227
55981	53243
38857	32616
38857	35947
19668	8592
19668	14575
25750	14129
25750	16936
25750	19191
25750	22448
39914	34005
19663	8585
25755	19195
19661	17227
19517	14413
19517	17066
71502	64534
19841	11573
19841	14738
42235	33678
17540	6456
17542	11959
17542	15084
17543	773
17543	2364
17543	4257
17543	6472
65581	48717
65581	51420
17546	799
17546	4251
17546	6484
17546	9183
17546	11966
61842	51316
68071	65145
21050	12735
21050	15718
21050	18111
13434	10322
4546	2592
42439	37250
42439	39835
11693	4082
42430	28049
42430	30906
42430	33874
42430	37244
42430	39833
27310	20795
24937	21767
43908	41163
21237	12996
21237	18246
21947	18770
57565	54671
10658	5477
10309	3005
21230	7169
21230	9935
21230	15864
27912	18348
27912	21381
10656	7996
27915	21394
64438	53243
64438	55981
64438	None
5031	1172
7918	3209
4430	880
25225	3227
25225	10582
17121	14463
25221	22115
38585	19715
38585	26477
38584	29603
38584	32281
36733	30486
36733	33450
42236	33680
42236	37010
42236	39640
41858	33237
36734	30492
53130	30706
53130	33683
53130	37014
57106	54228
53135	47632
53135	50382
30775	21394
30775	27915
59408	38055
41295	35936
41292	35930
20942	6911
20942	12607
45711	5370
45711	10506
45711	13778
45711	28539
53265	42357
41298	32606
17056	3605
17056	8378
7356	4967
65406	56685
17058	1799
17058	5843
17058	8397
26585	23163
37943	25418
33160	27349
22968	17186
71335	64377
24604	10077
24604	13126
24604	15994
24604	18379
24604	21421
22963	19616
3442	1692
26741	23329
42654	40045
10498	3176
45370	42451
12344	5581
27860	24518
33199	24043
45005	36840
41077	29698
41077	35686
41077	38674
33349	27530
33349	30396
10401	5269
10401	7716
33616	24410
27869	24533
14792	11636
18236	9927
18236	12994
18234	7157
45396	42467
38739	35823
20016	11798
20016	14946
20016	17656
38731	23285
38731	26695
38731	29756
9053	6402
62488	54557
62488	None
57454	54599
29273	26014
40636	19296
40636	22556
40636	25909
21543	18486
54217	25654
29275	19406
14801	8816
41454	32792
41457	38963
36944	21235
36643	30375
36643	33331
40102	31235
68192	None
40104	25080
40104	28431
22897	17100
18307	10008
18307	13056
28032	10149
28032	13244
30581	24319
14483	11210
29875	26878
30234	23926
30237	15471
30237	20804
30237	27324
30233	15450
15170	12070
17931	9607
17931	12501
17931	15494
32923	27198
32923	30168
7102	4747
31671	10823
31671	14148
31671	16857
17935	15496
24324	12846
24324	18191
24324	21148
17936	960
17936	2583
17936	4529
17936	6830
14372	11048
15776	9847
38028	25612
38028	34752
22195	16683
22195	18973
14374	160
14374	1772
14374	3564
14374	5814
14374	8349
14374	11049
20306	17569
27467	21234
27467	24418
41933	30375
41933	33331
41933	36643
41933	39325
20302	15078
20303	17562
1683	74
28013	18441
28013	21494
28013	24681
43696	38546
67056	None
67056	63814
67051	None
67052	None
40496	34778
11054	5815
14575	8592
11056	170
11056	1777
11056	3570
58067	51355
29982	17535
29982	20280
29982	23610
29982	26993
40651	38236
54118	48629
34395	28623
15689	4668
15689	7001
15689	9769
38111	34848
14772	8796
14772	11617
72812	65417
14770	8788
14770	11606
3120	1376
24255	18158
39465	4697
39465	12780
29053	25745
29052	19175
29052	25743
28588	22073
65808	62342
15995	10069
15994	9702
15994	13126
29059	16846
29059	22438
29059	25746
29058	10805
29058	16845
29058	19181
29058	22437
34464	13885
34464	16616
34464	18924
34464	22144
65363	None
34403	25228
28585	22069
28585	25189
34136	24955
34136	28285
34136	31122
34642	16742
34642	19040
34642	22268
34642	25446
34642	28844
34642	31479
35738	14750
35738	17399
35738	23236
31479	16742
31479	19040
31479	22268
31479	25446
31479	28844
8436	3642
8436	5863
34648	28845
34648	31475
31475	28845
28904	19090
28904	25536
40842	38414
30907	21537
30907	24716
24787	16207
24787	18519
24787	21589
15352	4375
31772	25886
15429	9523
15429	12419
13920	5489
13920	8007
13920	10669
30908	28049
28631	13842
28631	16569
28631	18895
28631	22109
28634	13848
28634	16570
28634	18901
28634	22112
28634	25230
38785	35865
15193	6614
15193	12103
27673	18130
27672	18135
67476	None
31056	21759
31056	24917
31056	28246
47630	27841
47630	30708
47630	33684
47630	37015
38204	16906
38204	19269
38204	25876
7723	3103
58249	52182
58249	54987
33045	30212
35020	31824
22561	19291
55087	49554
55086	52329
55085	52328
13693	5320
69793	62979
32552	26790
44655	41832
38943	36116
57689	46593
69872	66412
11205	325
11205	1879
11205	3696
11205	8504
6701	2462
24670	21471
12501	9607
70103	63249
12504	960
12504	2583
12504	4534
12504	6830
45273	42346
56426	51007
56426	53842
7434	5055
32426	29730
45867	42951
17405	11593
17405	14759
38944	36151
5681	1679
5681	3430
31007	28155
56190	45438
56190	47972
56190	50708
56190	53518
25325	16683
25325	18973
25325	22195
56197	47986
25329	1549
25329	3275
25329	10690
25329	13938
22784	19488
53688	48111
53688	50830
69586	62843
6674	4343
23945	17899
31873	17020
31873	22631
31873	29234
12640	6925
12640	9726
42539	39939
22144	13885
22144	16616
22144	18924
22417	19168
22147	13887
23948	9577
23948	15463
23948	17909
24314	18187
27253	20709
39996	34119
39996	37484
18263	7197
18263	9965
18263	13010
18263	15882
69901	66434
39740	30797
39740	37120
53682	40045
53682	42654
53682	45567
53682	48103
53682	50827
27097	20392
27097	23708
27090	15171
32392	6184
32392	11547
32392	14713
32392	17368
32392	19814
32393	8742
32393	11549
32393	14715
32393	17370
32393	19815
32393	23209
5977	1953
15406	9479
19505	206
19505	1796
19505	3609
19505	5832
19505	8382
19505	11081
32174	29506
8129	28
8129	3367
8129	5617
21042	12759
21042	18379
21043	15708
54987	52182
56772	46035
56772	51376
17204	1936
17204	8557
17204	11258
32377	14685
32377	23177
32377	26598
62739	None
56243	53589
42403	33856
42403	37214
42403	39812
27867	24532
2567	951
10916	5692
65351	51293
65351	None
10914	1679
10914	3430
10914	5681
10914	8206
65353	56660
65353	None
27327	20809
27327	23956
27324	15471
27324	20804
11420	2031
2364	773
14976	9030
14976	11844
2360	764
7290	2847
7290	4938
7927	5426
41171	35823
2583	960
52500	41540
52500	44335
10646	5472
45800	37808
33341	27486
33341	30384
16428	5329
16428	7795
15706	12759
13358	7526
13358	10253
36095	20304
36095	23627
36095	27032
36095	29992
36095	32712
33343	27496
33343	30385
38844	32590
38844	35925
38631	32354
13595	3084
13594	7707
13594	10395
41848	24062
41848	30320
41848	33265
41848	36585
36708	30459
4938	2847
36705	27622
36705	33411
45543	31113
45543	34131
45543	37504
45543	40015
45543	42632
27073	23680
11737	6335
11737	8904
62895	None
26122	14368
26122	22765
11730	6326
57176	54435
20804	15471
26129	14371
26129	17032
26129	19469
26129	22769
10004	1092
10004	4895
63814	None
41288	32590
41288	35925
41288	38844
53069	42197
10009	7228
36899	24355
36899	27757
36899	30609
20797	17918
43586	32115
17066	14413
21313	13060
21313	15925
21313	18320
17593	15121
38447	35381
22959	14514
22959	17177
22959	19609
38733	32484
38733	35791
17597	15126
17596	15125
33117	30249
17599	11997
17599	15127
3433	71
22957	14506
38448	32126
38448	35385
10489	1414
4590	999
43048	25466
43048	28876
43048	34689
43048	37991
20131	11902
36411	30203
42882	16594
42882	18915
42882	22129
42882	31352
42882	40278
14909	11759
71692	None
71692	64649
71692	67712
10266	5124
33331	30375
53479	39886
53479	45419
53479	47940
53479	50660
33333	15612
33333	18031
33333	20970
33333	24122
33333	30378
27891	18344
27893	21364
27893	24560
27892	21354
27892	24558
11998	6520
11998	9210
10465	7798
45815	25273
45815	28700
3236	1506
11994	9203
39885	37337
32026	14371
32026	17032
32026	19469
32026	22769
32026	26129
36675	33356
36670	27527
36670	30393
36670	33350
68458	65424
24074	9689
24074	15573
24074	17997
24074	20918
36678	33361
20977	15617
20977	18040
36074	30007
36074	32730
36077	29999
36077	32715
8914	6718
20970	15612
20970	18031
33755	30780
11844	9030
36079	30021
36078	30033
11840	6369
15169	12069
67023	63709
11197	322
11197	3694
30229	23939
30229	27281
30227	21535
30227	24709
30227	28039
34251	None
34251	18768
34251	21951
18649	16305
39509	36798
70857	63849
70857	67151
29191	19316
29191	22577
29191	25930
7117	2748
7117	4755
17927	9600
17927	12492
17929	15484
39504	36794
15763	4739
15763	9835
6871	999
6871	4590
6870	4579
20379	17715
68232	None
68232	65330
52382	47023
52382	49619
40396	25353
40396	28774
40396	31441
40396	34566
39142	32973
25516	16759
25516	22300
45923	28782
45923	31446
45923	34573
45923	43000
38699	29730
38699	32426
38699	35739
20376	17712
18220	12497
18220	15489
71457	None
58859	36218
16269	10268
16269	13373
44038	35910
44038	41273
61797	56683
8226	79
8226	1698
66640	63305
31262	28466
33803	30848
40628	34968
33800	24643
33800	30846
18009	9705
18004	9712
40620	34984
40620	38208
39294	33262
39294	36578
40627	34967
14742	11576
24269	21097
68440	65468
62038	48686
62039	48682
62039	56785
20203	17512
27529	20980
27529	24145
68194	None
23778	17761
37956	31481
34104	31094
28933	16770
28933	25574
28936	19105
28936	22335
28935	25577
31406	25305
31406	28731
6907	2650
6907	4601
9855	7113
6457	4246
30918	18488
15438	12439
15187	4319
15187	9306
15184	9295
59066	44527
59066	49864
67715	None
67715	64667
36897	30608
23177	14685
60195	56054
35034	29210
35034	31834
19198	10823
19198	14148
19198	16857
32569	26813
59952	45185
59952	47687
59952	50436
22557	14229
22556	19296
32561	23380
32561	26806
32561	29839
31318	5429
34749	22332
34749	25609
11213	327
11213	8508
39143	36352
63909	None
11215	5924
34743	28908
23311	19912
64148	None
38024	34747
32969	20612
32969	27222
39096	36291
62267	None
24681	18441
24681	21494
51420	48717
24442	21264
33057	20719
22314	14042
22314	19093
35722	26640
35722	29716
35722	32411
22316	16764
22316	19092
39250	33168
27797	12946
27797	24398
32411	26640
32411	29716
55607	44770
55607	47369
55607	50074
55607	52905
55394	44581
69591	None
57461	35331
57461	40862
57461	43567
57461	46494
57461	49002
57461	51767
15775	4747
15775	7102
15775	None
23405	14869
23405	19964
24558	21354
23956	20809
6608	4317
42523	39922
42524	34017
70909	67183
31883	19386
31883	22651
4061	606
4061	2203
4067	611
4067	2207
41353	29967
41353	32685
41353	36029
41353	38893
43728	23052
43728	32271
43728	38573
58018	52016
58018	54829
56684	54122
27087	17704
34760	28925
34760	31524
27082	4309
41579	36291
41579	39096
21032	9765
21032	None
21035	2707
21035	7004
21035	9773
21035	12750
28922	19095
28922	25608
63978	27614
63978	30474
63978	33432
63978	36723
63978	47426
21036	12751
21036	15701
21036	18098
3609	206
3609	1796
32183	14514
32183	17177
32183	19609
32183	22959
32183	26319
64280	45126
64280	47612
25347	5526
25347	10720
25347	13976
25347	16698
22046	16497
16639	13904
31347	13868
31347	16588
31347	18911
55940	53199
32344	23126
16188	10204
65725	None
65725	62285
42419	33862
42419	37227
42419	39819
60398	53471
32403	26635
28795	16716
26209	22861
10922	8216
19993	17642
19994	11782
19994	14933
10925	1687
19996	14938
27334	15482
17321	6072
17321	8665
17321	14640
27336	20821
27336	23964
52990	44879
39938	37428
17452	15041
52044	35733
52044	41102
17104	3678
17104	8477
17104	11177
69136	None
38834	35909
52048	46752
69133	35245
25248	16618
25248	18917
21149	15806
21148	12846
21148	18191
64363	53157
36080	27035
36080	30020
36080	32732
21147	12895
56105	50618
36719	27606
13582	10381
37767	13848
37767	16570
37767	18901
37767	22112
37767	25230
37767	28634
37767	31333
37767	34411
13589	5249
13589	7692
13589	10388
42259	39708
36715	30465
36715	33422
36716	12759
36716	15706
36716	18102
36716	21042
36716	27599
9495	4438
9495	6743
21814	16305
21814	18649
26117	8340
26117	11040
26117	14365
26117	17017
26117	19464
26117	22764
9144	6449
69049	62441
20812	9591
20812	12485
25209	10560
43656	35429
43656	38502
43656	40941
36754	30512
63554	52524
5165	3014
41273	35910
21498	13227
20784	15444
37448	28242
9210	6520
37444	10268
37444	13373
37444	16263
31070	21759
31070	24917
31070	28246
21495	18441
54863	29730
54863	32426
54863	35739
54863	38699
16857	10823
16857	14148
54861	35732
44739	39310
16852	14125
26326	19616
26326	22963
42898	40292
42899	37799
42899	40295
45156	21321
45156	24531
45156	27872
45156	33719
22129	16594
22129	18915
9698	4604
9696	2659
57384	48987
57384	51752
9692	2650
9692	4601
9692	6907
42672	37564
9691	6904
33329	20967
10299	5152
44282	17745
44282	38995
44282	41478
9070	6422
40556	34864
27886	7280
27886	10030
27886	15963
27886	18337
27887	24553
33321	24088
14916	8957
14916	11768
40555	31652
34653	22269
34653	25455
18498	13285
18498	16180
42874	34409
42874	40258
34806	31589
9672	2632
9673	998
20565	15309
20565	17802
11981	9196
11987	4275
11987	9201
24049	17964
36660	27486
36660	30384
36660	33341
36662	27496
36662	30385
36662	33343
71262	67451
71267	64281
71267	67450
39891	30986
68429	None
63150	54966
36066	20286
36066	27015
10583	3232
10583	7944
10582	3227
45734	37725
45734	40218
10587	3230
10587	7945
41478	17745
41478	38995
33036	30202
8904	6335
13161	1152
18815	16455
37596	34214
41657	36342
41657	39129
11181	303
11181	8482
33924	24784
33924	28098
33924	30954
41123	38713
18674	16785
1797	215
1796	206
41658	39165
52158	23352
52158	26778
52158	29821
52158	32542
52158	35856
52158	38774
52158	41202
52158	43984
65933	62455
26938	11894
26938	23527
38045	31577
38045	34786
24302	15806
24302	21149
24305	21131
52203	46835
52203	49460
45938	43009
40835	29380
38687	26640
38687	29716
38687	32411
38687	35722
27402	15563
27402	24058
72791	56730
13015	4837
40016	37505
53174	42278
53174	47668
13010	7197
13010	9965
33633	24425
33633	30644
18259	15877
37847	34516
11055	8351
15534	6856
8236	3453
30858	27996
26688	11626
26688	23284
5507	1552
5507	3283
26687	19883
45854	34531
45854	37868
45854	40362
45854	42962
20216	15053
20217	15054
27535	9736
27535	15634
27535	18054
27535	20986
28036	7418
28036	10160
28036	16120
14759	11593
17862	12394
28039	21535
28039	24709
14751	11587
34244	18770
34244	21947
33465	21068
32577	29852
34241	28452
34243	28462
29522	19616
29522	22963
29522	26326
59553	50205
34249	28469
38047	25685
38047	31582
68556	65539
13905	10665
70311	55083
70311	None
70311	63331
70311	66668
13900	5477
13900	10658
72816	65460
41436	32788
44865	35982
44865	42022
23548	17485
18100	12754
18100	15703
18103	9779
18103	12760
18103	15714
18102	12759
18102	15706
61639	42981
39315	33322
34023	31024
67499	None
67499	64372
34026	24861
34026	31026
23147	6111
23147	11472
23147	14658
23147	19764
38260	22620
47384	36671
67899	None
25876	16906
25876	19269
22549	14215
22549	16911
22549	19282
68292	None
23895	9480
23895	15396
19181	10805
19181	16845
19185	16848
8349	160
8349	1772
8349	3564
8349	5904
34752	25612
64649	None
31590	29014
11222	3711
11222	8524
31099	21768
31099	28260
52328	46936
55399	52722
63510	44318
63510	None
12563	6865
19053	16743
19054	14025
19054	16744
51433	25719
51433	31610
51433	34840
51433	38104
51433	46132
22300	16759
35752	29739
35752	32445
25903	17004
25903	19304
25902	19281
37012	13043
37012	15896
37012	18292
37012	21280
37012	30705
28375	7707
28375	10395
28375	13594
25909	19296
25909	22556
56659	48613
56659	51292
56659	54107
32407	14739
16532	5426
16532	7927
22435	16937
22436	28
22436	3367
22436	5617
22436	8129
22436	14123
22436	16844
22437	10805
22437	16845
22437	19181
56178	39901
56178	42508
56178	53507
32531	23333
32531	29797
38913	36070
22438	16846
37409	24861
37409	31026
37409	34026
38916	32722
38916	36073
64640	None
28582	22067
22128	10616
22128	18914
6610	2423
23439	20019
12629	9721
22124	16586
36724	33433
4079	2215
65287	None
11532	515
11532	3952
69924	63079
69924	66448
3966	535
3966	2115
3965	534
3965	2114
32570	14853
32570	17607
32570	23386
34467	28681
34467	31373
39138	36360
32207	17206
32207	19635
32207	22980
32207	26352
19528	17073
32198	29526
21025	None
35739	29730
35739	32426
55872	53133
65738	None
35401	29478
16628	3255
16628	5474
16628	13893
12190	6677
12190	9361
16622	10651
16622	13889
16623	5472
16623	10646
32352	29655
32353	29656
26210	22863
6105	480
6105	2053
6105	3915
6104	2051
72953	None
64731	45445
64731	47976
64731	50722
64886	56303
64886	None
32753	20328
32753	23651
25498	16743
25498	19053
25498	22267
10937	5703
43390	35120
43390	31922
43390	35119
56376	50911
52956	24198
52956	33424
41984	36703
41864	39297
44773	41938
25476	19049
25472	22269
16440	10490
16440	13739
17666	9022
13373	10268
21150	9860
36273	32913
33414	21033
33414	27596
33414	30461
36270	27198
36270	30168
36270	32923
42263	37050
11712	4100
24870	21695
8029	1552
8029	3283
8029	5507
64087	None
42064	36794
42064	39504
43644	32165
5171	1295
37759	16567
37759	28627
42281	24553
42281	27887
42281	30763
42281	33732
42281	37071
42280	27883
42280	39717
64260	None
48603	28782
48603	31446
48603	34573
48603	43000
48603	45923
41056	38659
34689	25466
34689	28876
20770	15439
20770	17884
17007	10924
17007	14218
70403	66772
65237	48535
65237	53971
65237	56528
16844	28
16844	3367
16844	5617
16844	8129
16844	14123
16845	10805
16841	8128
54852	41101
54852	43877
12176	2447
12176	6671
63495	47146
32201	26343
65941	62560
39506	33524
2016	439
28682	25256
10669	5489
10669	8007
46581	38545
9061	2321
9061	6407
55102	52348
9069	2324
9069	4177
9069	6410
41003	29603
41003	32281
41003	38584
10285	1261
33489	7084
33489	9813
33489	None
33489	18146
29200	25958
10449	7810
24056	17974
24058	15563
10117	4993
10117	7379
17719	12067
18337	7280
18337	10030
18337	15963
34831	22404
20516	10176
20516	16124
17484	15050
37056	27877
37056	30754
37056	33724
66465	63087
44610	41801
36698	30450
3564	160
3564	1772
37053	21325
37053	24535
37053	27870
37053	30745
37053	33717
22844	8426
71278	64339
68439	None
68439	65473
34963	22548
34963	25884
34963	29165
20687	17852
36053	9140
36053	11923
36053	17532
36053	20278
10593	7952
4480	912
42110	30577
36055	29979
36055	32708
36054	32706
20995	15641
20995	18062
36507	33150
57530	51810
41465	20392
41465	23708
41465	27097
41465	30082
41465	32806
41465	36166
36503	23998
36503	27361
36503	30253
36503	33146
54703	49142
15745	None
15746	9811
15746	None
33265	24062
33265	30320
18665	10322
18665	13434
18665	16315
71011	None
20357	15135
20357	17603
17909	9577
17909	15463
20355	4283
20355	12006
20355	15132
20353	17601
27840	21290
20358	9224
20358	12016
38674	29698
38674	35686
8806	6246
56368	53731
8802	4012
30449	None
30449	21025
30449	24186
30449	27570
38208	34984
30442	24167
30442	27548
26695	23285
15522	978
15522	6850
30846	24643
30844	27961
15528	980
15528	4562
15528	6854
15528	12543
45174	42279
67247	52997
67247	55689
67247	None
67247	64054
67712	None
67712	64649
40358	34526
40358	37861
47551	45048
17874	15427
66579	None
39410	33379
17877	12430
17877	15440
12994	9927
18062	15641
54140	51314
11081	206
11081	1796
11081	3609
11081	5832
11081	8382
35984	6405
35984	20066
35984	23487
37244	28049
37244	30908
37244	33878
29534	22981
14728	2118
14728	11563
28009	16072
14727	8213
38201	31749
38201	34950
34234	31244
66460	54851
68541	65528
31122	24955
31122	28288
38787	32564
66280	None
13977	8055
13976	5526
13976	10720
45807	40298
66534	49418
66534	52154
66534	54974
66534	None
34162	10322
34162	13434
34162	16315
34162	18665
34162	21832
19111	16774
30541	27710
18111	12735
18111	15718
42325	39741
44242	32810
44242	36167
44242	38979
15411	4438
15411	6743
15411	9495
67804	53587
67804	None
34485	28703
11154	3657
11154	8454
26744	19918
26744	23334
14436	3657
14436	8454
14436	11154
26742	23330
72561	None
72561	68194
7716	5269
39306	36614
72560	42968
72560	45868
72560	48580
72560	51226
72560	65297
5546	1574
14438	259
14438	1833
14438	None
14438	5866
14438	8442
14438	11160
24513	15918
38258	25978
38258	31853
30064	23680
30064	27073
65444	56715
34586	25371
28314	24975
31333	13848
31333	16570
31333	18901
31333	22112
31333	25230
31333	28634
23331	14820
22208	8055
22208	13977
22208	16699
23334	19918
61395	48486
61395	51109
61395	53921
23885	20626
63390	47013
31338	7955
8378	3605
8574	5981
5894	299
5894	1864
65445	51316
65445	None
8573	1953
8573	5977
13807	10547
72751	65466
64667	None
11237	5947
11568	6193
11568	8763
3886	2034
50135	44834
12572	999
12572	4590
12572	6871
12571	4579
12571	6870
12574	1001
35742	32431
28774	25353
28776	18995
7409	5035
22335	19105
22334	16773
22334	19106
7402	1172
7402	5031
22116	18906
16058	2885
16058	4988
16058	7374
19735	17318
22448	14129
22448	16936
22448	19191
56494	48502
56494	53934
26352	17206
26352	19635
26352	22980
43092	38019
43091	31521
6621	2427
51714	29359
51714	35236
51714	38394
31582	25685
4002	2140
26598	14685
26598	23177
24734	21547
39122	36327
72402	68094
32506	26719
65125	37667
65125	40166
65125	45703
64282	None
39129	36342
43893	32443
43893	38709
65252	48579
65252	51223
65252	56551
65252	None
60577	56217
4281	808
4281	2396
16616	13885
4710	2728
11416	3877
12760	9779
57623	35442
57623	38512
57623	43660
57623	49130
27354	15508
27354	23984
25262	16619
25262	18930
15658	6968
15658	9749
15658	12707
52064	49325
52065	49327
28475	21967
9477	4422
38893	29967
38893	32685
38893	36029
36261	27187
36261	32904
32032	26133
65419	56683
65419	None
13366	7532
33704	22391
4676	2715
42272	27877
42272	30754
42272	33724
42272	37056
42272	39712
4671	1039
42277	39714
11708	4096
11708	6309
68814	None
31587	25687
21346	7276
21346	10026
21346	15952
24193	12751
24193	15701
24193	18098
24193	21036
24192	2707
24192	7004
24192	9773
24192	12750
24192	21035
2463	850
45595	37564
45595	42672
10726	8057
10721	5528
10720	5526
10050	2847
10050	4938
64074	None
22921	19578
20764	17886
17017	8340
17017	11040
17017	14365
60595	50748
60595	53594
16872	10848
55743	53040
36464	30249
36464	33117
38814	26871
28120	16217
28120	21613
28120	24797
54842	52027
64384	None
40244	37748
6310	4098
53002	39495
53002	42041
53002	47481
53002	50182
45137	30709
45135	33680
45135	37010
45135	39640
45135	42236
37515	28286
37515	31126
2066	490
42615	39997
32460	14767
32460	17409
32460	19864
48501	25233
48501	28628
48501	31334
48501	34412
48501	40263
9096	735
9096	2344
9096	4194
39819	33862
39819	37227
71647	None
62282	54378
62282	None
21589	16207
21589	18519
21588	18516
58091	54850
37451	31046
37451	34068
9304	6597
21587	1190
21587	2942
21587	5074
21587	7463
21587	10216
21587	13296
21587	16206
29234	17020
29234	22631
34825	31606
38524	26343
38524	32201
38524	35455
37027	27845
37027	33694
20692	12362
63131	None
3570	170
3570	1777
4497	922
4497	2541
56198	53526
4493	2539
42100	21134
42100	24311
43852	41081
20986	9736
20986	15634
20986	18054
13389	7545
41102	35733
6823	4527
15883	13011
15882	7197
15882	9965
15882	13010
59673	55835
2936	1183
44404	36323
18617	10300
15888	1088
15888	2799
15888	4848
15888	7203
20345	15126
20345	17597
26913	23481
20349	11997
20349	15127
20349	17599
62663	46520
14605	11360
18584	1241
18584	5123
11892	9097
11893	729
11893	2335
11893	4193
30269	27393
33653	24470
14933	11782
44009	29843
44009	32566
44009	35880
44009	38794
44009	41236
18277	12967
14939	11787
18907	13862
33659	30686
18901	13848
18901	16570
30474	27614
59906	42264
59906	45161
18054	9736
18054	15634
37803	34462
29496	26291
30655	21258
8748	2118
8210	75
8210	1686
8210	3432
8212	73
8212	3434
8212	5684
34352	18876
34352	22075
34352	25197
34352	28596
34351	25199
42537	34030
42537	37422
42537	39931
33878	28049
33878	30908
17802	15309
24216	21056
18292	13043
18292	15896
39427	30459
39427	36708
15644	6954
15646	12683
28784	23333
70292	66694
33874	30906
41994	30465
41994	33422
41994	36715
41994	39459
40295	37799
14738	11573
40297	34462
40297	37803
28548	18846
31129	21825
31129	24960
3364	1619
3366	27
3367	28
31655	16846
31655	22438
31655	25746
37159	33799
71025	64049
29782	26724
29839	23380
29839	26806
34748	19095
34748	25608
34748	28922
38791	32567
67653	64604
38794	29843
38794	32566
38794	35880
57594	54684
53955	48515
53955	51143
23527	11894
35880	29843
35880	32566
35883	32571
18126	7051
18126	9793
18126	12786
27639	21056
27639	24216
15463	9577
40502	38055
37865	28735
37865	34529
72923	None
28301	24969
28302	24970
26778	23352
39336	30388
14428	3642
14428	5863
14428	8436
27621	9765
27621	None
27621	21032
29167	25894
29165	22548
29165	25884
37861	34526
41423	36115
34775	25577
34775	28935
34776	28946
34776	31540
20907	None
34779	22344
34779	28949
31321	28620
15265	6677
15265	9361
15265	12189
12816	9819
15263	4343
15263	9357
15262	6673
15262	9356
15262	12185
34571	5532
34571	10723
41419	36151
41419	38944
69270	None
51419	48718
23633	11959
23633	15084
23633	17542
23633	20288
34579	26027
6555	811
6552	809
6553	2409
6553	4286
66668	55083
66668	None
66668	63331
36591	30330
6558	4288
15068	9154
39282	33219
25922	22568
34687	22277
34687	28871
34687	31494
33095	15471
33095	20804
33095	27324
33095	30237
28949	22344
33724	27877
33724	30754
62104	None
56488	51118
56488	53932
22104	3227
22104	10582
22104	16558
22104	18890
22105	18891
19728	17304
22455	19195
19094	16762
22109	13842
22109	16569
22109	18895
55359	44388
55606	44774
55606	47371
55606	50075
55606	52906
32202	1936
32202	8557
32202	11258
32202	17204
42530	31024
42530	34023
42530	37416
19093	14042
25536	19090
35791	32484
23983	960
23983	2583
23983	4529
23983	6830
11177	3678
11177	8477
43083	31525
43083	40482
23987	20843
27156	23772
23984	15508
27299	17899
27299	23945
11175	5885
32685	29967
56551	48579
56551	51223
13701	7790
22216	19008
22217	16714
22217	19009
3988	2131
32517	26724
32517	29782
65133	None
65134	None
54275	48739
54275	51472
65712	None
65713	None
65713	62267
65716	62275
65718	62277
25078	5296
25078	10424
25078	None
19540	14434
39181	23928
52272	46900
52272	49516
42448	33892
22075	18876
32331	29628
13636	10433
27361	23998
45837	37853
16337	10381
16337	13582
68115	None
23858	20558
45836	40351
45836	42944
56152	39886
56152	45419
56152	47940
56152	50660
56152	53479
56153	53478
51890	38546
51890	43696
51890	46595
38774	23352
38774	26778
38774	29821
38774	32542
38774	35856
69898	66430
55591	47354
55591	52844
64712	None
17973	15559
21918	18717
28078	13285
28078	16180
28078	18498
53933	45767
53933	48497
53933	51117
52011	49262
57002	51526
57002	54340
56020	50513
52017	49268
60529	53519
17399	14750
16264	7532
16264	13366
32022	8340
32022	11040
32022	14365
32022	17017
32022	19464
32022	22764
32022	26117
61988	56766
25455	22269
52381	49598
65405	54123
65405	None
25459	19049
25106	None
25106	18768
25106	21951
17646	11787
17646	14939
60104	50513
60104	56020
19949	4096
19949	6309
19949	11708
19949	None
43660	35442
43660	38512
44612	41802
66351	None
32250	26415
32250	29573
11779	4136
11779	6349
71328	None
71328	64372
71328	67499
19892	11636
19892	14792
19892	17426
10049	7289
39358	27527
39358	30393
39358	33350
45218	39741
45218	42325
24186	None
24186	21025
64288	45124
64288	50360
24184	18093
10739	8066
45213	37095
53703	47733
53701	50851
60036	53243
60036	55981
60037	55982
63039	54826
28295	7569
28295	21827
22843	11126
20753	15427
20753	17874
20752	17873
39931	34030
39931	37422
63036	None
60586	53587
41468	30124
55817	50291
36458	20809
36458	23956
36458	27327
36458	33099
36457	23954
36457	6809
36457	12481
36457	20808
36324	20558
36324	23858
36324	27213
41934	39341
12395	6756
12395	9505
16861	14153
11604	8782
11606	8788
6309	4096
6308	2238
6308	4094
53014	47484
39823	37230
57048	54361
70070	66580
12150	6658
13789	5380
13789	7880
13789	10516
11958	6473
11958	9181
18468	16122
20530	12207
20530	15282
11955	784
62291	51583
62291	54388
62291	None
33466	27658
14123	28
14123	3367
14123	5617
14123	8129
11950	4248
11950	9159
52723	49911
63104	54884
63104	None
9649	2151
63100	None
53633	48058
53633	50770
10424	5296
9310	4317
9310	6608
38534	32212
37036	24518
37036	27860
37036	30725
18867	3217
18867	5424
18867	10549
18867	16521
33069	23939
33069	27281
33069	30229
44678	41844
42035	36772
68415	56715
5085	2951
71257	53108
71257	None
41240	26813
41240	32569
41466	38980
41243	35882
9798	2728
9798	4710
9798	7055
8009	3266
40195	31290
40194	28541
40194	34306
40194	37689
41118	29739
41118	32445
41118	35752
71815	67790
15898	4860
15898	13048
41115	11587
41115	14751
41115	23250
41115	32436
41115	35748
41115	38706
41116	29736
41116	32440
41116	38708
33205	17964
33205	24049
53497	33979
53497	39896
53497	42499
53497	45426
53497	47951
14639	6057
57863	51992
20408	17738
18596	1241
18596	5123
27192	20527
27192	23834
30467	2715
30467	4676
30467	7006
30467	15704
30461	21033
30461	27596
63214	None
8822	2186
8822	4040
13048	4860
54388	51583
18917	16618
18914	10616
18915	16594
35891	23392
18911	13868
18911	16588
18040	15617
58061	54845
44305	36217
44305	39039
44305	41498
29488	17172
39211	36466
30644	24425
29954	20122
29954	26937
8771	542
33519	27710
33519	30541
29953	26935
33684	27841
33684	30708
14250	10954
18280	12966
17815	12283
39918	24861
39918	31026
39918	34026
39918	37409
15657	6967
33793	27961
33793	30844
11422	2034
11422	3886
58462	38894
3375	36
3375	1629
28574	5405
37926	34584
29821	23352
29821	26778
29797	23333
10919	70
10919	1685
10919	3436
10919	8215
42393	30884
8172	3406
8172	5654
67355	64155
67352	64142
8175	5655
6492	784
23538	11902
23538	20131
23539	15041
23539	17452
31130	7569
31130	28295
66515	None
39325	30375
39325	33331
39325	36643
6948	2696
28688	16619
28688	18930
28688	25262
15476	2570
15474	9586
15475	6825
15475	9587
15475	12484
24538	18323
24538	21326
14417	5849
14417	8421
11176	5887
11176	8475
14415	8414
24531	21321
56349	50859
24535	21325
30088	27102
29176	22566
44183	41415
30082	20392
30082	23708
30082	27097
30083	23715
66600	63262
66171	None
66171	62707
66170	62702
34785	14057
34785	16780
34785	19113
34785	22341
34785	25617
8397	1799
8397	5843
31355	16600
70730	63808
8553	5956
12552	986
12552	2616
15275	9372
15275	12201
15277	12199
23627	20304
8558	3752
23625	17562
23625	20303
30887	10149
30887	13244
30887	28032
30887	7405
30887	16095
30887	21516
30887	28031
15074	11945
24403	15835
24403	18212
24403	21201
15070	None
15070	11935
28195	16239
28195	18556
28195	21664
28201	21672
28193	21695
28193	24870
8482	303
25938	19324
25938	22581
28756	16683
28756	18973
28756	22195
28756	25325
28979	25647
28754	22193
28207	18559
35947	32616
25930	19316
25930	22577
